0 68 100.00
1 64 100.00
2 60 4.80
2 62 95.20
3 58 0.50
3 60 16.40
3 62 4.30
3 66 78.80
4 58 0.20
4 60 78.80
4 62 0.30
4 66 20.50
4 78 0.20
5 48 0.10
5 58 93.90
5 62 0.10
5 66 0.20
5 78 0.30
5 108 5.40
6 48 0.20
6 58 5.20
6 62 0.10
6 66 0.20
6 78 91.30
6 98 0.20
6 108 2.80
7 48 88.20
7 58 0.10
7 66 0.30
7 78 6.60
7 98 1.40
7 108 3.30
7 118 0.10
8 48 7.50
8 52 0.50
8 54 79.30
8 58 0.10
8 78 0.30
8 98 2.40
8 108 8.70
8 118 1.20
9 48 0.50
9 52 77.10
9 54 6.30
9 78 0.80
9 88 0.50
9 98 10.40
9 108 2.20
9 118 2.20
10 48 1.30
10 50 11.60
10 52 5.40
10 54 0.20
10 56 64.90
10 72 0.30
10 78 0.50
10 88 1.70
10 98 2.60
10 108 0.80
10 118 10.70
11 48 2.20
11 50 65.00
11 52 0.60
11 54 1.40
11 56 14.70
11 72 0.70
11 74 1.90
11 88 10.60
11 98 0.50
11 108 0.20
11 118 2.20
12 50 5.50
12 52 1.30
12 54 12.30
12 56 1.10
12 61 0.50
12 72 0.80
12 74 74.40
12 88 2.30
12 98 0.40
12 108 0.30
12 118 1.10
13 42 0.20
13 44 1.20
13 50 0.40
13 52 13.90
13 56 1.90
13 61 0.20
13 67 0.50
13 72 73.00
13 74 4.90
13 88 0.90
13 98 0.90
13 104 0.50
13 108 1.50
14 42 0.80
14 44 73.50
14 50 1.10
14 52 0.50
14 56 14.50
14 63 0.50
14 67 0.20
14 72 4.50
14 74 0.20
14 88 0.40
14 98 1.90
14 104 0.70
14 108 0.10
14 118 1.10
15 42 0.10
15 44 4.10
15 50 14.30
15 54 0.30
15 56 0.80
15 61 0.40
15 65 0.20
15 70 13.80
15 72 0.50
15 74 1.10
15 76 59.60
15 88 1.10
15 98 0.50
15 104 0.40
15 108 1.20
15 118 1.60
16 42 3.80
16 44 0.60
16 50 1.00
16 54 0.10
16 56 1.00
16 63 0.20
16 65 0.20
16 67 0.40
16 70 59.60
16 72 0.80
16 74 14.00
16 76 13.50
16 88 1.90
16 98 0.80
16 99 0.10
16 104 1.50
16 108 0.10
16 118 0.40
17 42 67.90
17 44 1.10
17 52 0.20
17 56 0.30
17 61 0.10
17 63 0.10
17 65 0.10
17 70 4.30
17 72 14.10
17 74 2.30
17 76 5.00
17 88 0.10
17 98 0.30
17 104 2.10
17 108 0.60
17 109 0.10
17 118 1.30
18 42 4.30
18 44 14.10
18 46 71.80
18 50 0.20
18 52 0.10
18 56 0.10
18 63 0.10
18 65 0.20
18 67 0.10
18 70 0.30
18 72 2.10
18 76 1.70
18 88 0.70
18 98 0.60
18 99 0.30
18 102 2.00
18 104 0.10
18 108 1.00
18 118 0.10
18 119 0.10
19 40 71.40
19 42 0.20
19 44 1.90
19 46 4.70
19 50 0.20
19 52 0.20
19 56 0.20
19 61 0.40
19 63 0.30
19 70 1.40
19 72 1.60
19 76 13.90
19 88 0.40
19 89 0.10
19 98 0.60
19 99 0.10
19 102 0.30
19 104 0.90
19 108 0.40
19 109 0.10
19 118 0.70
20 8 0.50
20 18 2.30
20 40 4.90
20 42 1.10
20 44 1.80
20 50 0.20
20 56 0.10
20 61 0.10
20 67 0.40
20 70 14.10
20 76 2.20
20 88 1.00
20 98 0.20
20 102 1.20
20 104 0.30
20 108 68.60
20 109 0.10
20 118 0.80
20 119 0.10
21 8 0.40
21 18 0.80
21 28 0.10
21 38 1.90
21 40 0.10
21 42 13.60
21 46 0.70
21 52 0.10
21 59 0.10
21 63 0.30
21 65 0.20
21 67 0.10
21 70 2.20
21 72 0.10
21 74 0.30
21 76 1.60
21 88 1.20
21 98 68.70
21 100 0.80
21 102 0.60
21 104 1.50
21 109 0.10
21 118 4.50
22 8 1.60
22 18 0.10
22 24 0.10
22 28 0.10
22 38 1.10
22 40 0.50
22 42 2.70
22 44 0.10
22 46 13.40
22 50 0.10
22 54 0.10
22 61 0.10
22 63 0.10
22 65 0.30
22 70 1.40
22 72 0.10
22 74 0.30
22 76 0.30
22 88 0.90
22 98 3.80
22 99 0.10
22 100 0.60
22 102 1.10
22 104 1.40
22 106 0.40
22 108 0.20
22 118 68.80
22 119 0.20
23 8 0.20
23 22 0.10
23 24 2.00
23 28 0.60
23 38 0.20
23 40 13.20
23 42 1.70
23 46 3.00
23 56 0.20
23 61 0.20
23 67 0.10
23 70 0.30
23 72 0.10
23 74 0.10
23 76 0.20
23 88 73.10
23 89 0.10
23 98 0.70
23 99 0.10
23 100 1.50
23 102 1.20
23 104 0.50
23 106 0.50
23 109 0.10
24 8 0.20
24 18 1.50
24 22 1.60
24 24 0.90
24 28 0.40
24 40 3.20
24 42 0.10
24 44 0.10
24 46 1.80
24 50 0.20
24 56 0.10
24 65 0.10
24 67 0.20
24 70 0.60
24 79 0.10
24 94 0.20
24 100 1.20
24 102 0.30
24 104 84.90
24 106 1.80
24 114 0.20
24 118 0.20
24 119 0.10
25 4 0.40
25 8 0.40
25 18 0.70
25 20 1.20
25 22 0.90
25 28 0.20
25 38 1.20
25 40 1.60
25 42 0.70
25 44 0.20
25 46 0.20
25 50 0.10
25 52 0.10
25 61 0.10
25 63 0.20
25 72 0.40
25 74 0.10
25 76 0.20
25 84 0.10
25 89 0.20
25 94 26.40
25 98 0.10
25 99 0.20
25 100 0.50
25 102 61.90
25 104 0.30
25 106 1.20
25 114 0.20
26 8 0.60
26 14 0.80
26 18 0.20
26 20 0.90
26 22 0.30
26 24 0.50
26 26 0.90
26 28 0.30
26 38 0.90
26 40 0.50
26 42 0.60
26 44 0.20
26 46 0.40
26 56 0.10
26 59 0.10
26 61 0.10
26 63 0.10
26 65 0.20
26 67 0.10
26 70 0.10
26 72 0.20
26 74 0.10
26 76 0.20
26 84 0.20
26 94 42.90
26 98 0.10
26 99 0.20
26 100 22.30
26 102 12.80
26 104 0.10
26 106 0.20
26 109 0.20
26 114 12.60
27 4 0.30
27 8 0.10
27 14 0.40
27 18 0.20
27 20 0.10
27 22 0.90
27 24 0.80
27 26 0.80
27 28 0.90
27 34 0.30
27 38 0.20
27 40 0.50
27 44 0.20
27 46 1.30
27 61 0.50
27 67 0.10
27 70 0.20
27 74 0.10
27 76 0.10
27 84 10.70
27 88 0.20
27 94 11.60
27 100 30.10
27 102 2.10
27 104 0.50
27 106 12.20
27 108 0.10
27 114 24.20
27 118 0.10
27 119 0.20
28 4 0.40
28 8 0.70
28 14 1.20
28 18 0.30
28 22 0.90
28 24 0.80
28 34 0.50
28 38 0.20
28 40 1.20
28 42 0.10
28 44 0.20
28 61 0.20
28 63 0.20
28 65 0.10
28 67 0.50
28 70 0.10
28 76 0.30
28 84 21.00
28 88 0.10
28 89 0.10
28 94 13.30
28 98 0.40
28 99 0.10
28 100 5.10
28 102 10.90
28 104 0.10
28 106 29.80
28 108 0.10
28 114 11.10
29 4 0.10
29 8 0.30
29 12 0.50
29 18 0.50
29 20 1.30
29 22 0.50
29 24 0.20
29 26 0.20
29 28 0.10
29 34 1.60
29 38 0.30
29 42 0.40
29 46 0.30
29 50 0.10
29 59 0.30
29 61 0.40
29 63 0.30
29 65 0.10
29 67 0.20
29 70 0.40
29 72 0.20
29 74 0.10
29 76 0.10
29 84 0.20
29 92 83.30
29 94 0.10
29 98 0.10
29 100 0.30
29 102 0.10
29 106 1.30
29 109 0.40
29 112 0.40
29 114 4.90
29 118 0.40
30 4 0.90
30 8 0.20
30 12 0.90
30 14 0.10
30 18 0.10
30 20 0.60
30 22 0.30
30 24 0.20
30 26 1.20
30 32 0.50
30 38 0.40
30 40 0.40
30 42 0.40
30 44 0.20
30 46 0.30
30 49 0.10
30 61 0.20
30 63 0.10
30 65 0.40
30 67 0.40
30 70 0.10
30 82 0.20
30 84 10.50
30 88 0.40
30 92 6.80
30 94 0.70
30 99 0.10
30 100 10.50
30 102 0.10
30 106 4.20
30 112 20.10
30 114 37.90
30 118 0.10
30 119 0.40
31 2 0.40
31 4 0.40
31 8 0.30
31 12 1.00
31 14 0.10
31 18 0.40
31 20 0.30
31 22 0.30
31 24 0.40
31 26 0.90
31 28 1.00
31 32 0.30
31 38 0.20
31 40 0.30
31 42 0.10
31 46 0.50
31 61 0.40
31 63 0.70
31 65 0.10
31 67 0.20
31 72 0.30
31 76 0.40
31 79 0.10
31 82 17.50
31 84 43.50
31 89 0.20
31 90 4.40
31 92 0.50
31 94 0.10
31 99 0.30
31 100 2.60
31 104 0.50
31 106 10.40
31 109 0.10
31 112 10.60
31 114 0.20
32 2 0.30
32 8 0.10
32 14 1.00
32 18 0.60
32 20 0.60
32 22 0.50
32 24 0.30
32 26 0.20
32 28 0.30
32 32 1.60
32 34 0.10
32 38 0.40
32 40 0.60
32 44 0.30
32 46 0.30
32 59 0.10
32 61 0.10
32 63 0.20
32 65 0.30
32 67 0.40
32 70 0.40
32 72 0.10
32 74 0.10
32 76 0.10
32 82 10.50
32 84 4.20
32 88 0.10
32 90 36.60
32 92 0.70
32 94 0.80
32 96 0.40
32 100 17.30
32 104 0.10
32 106 2.60
32 109 0.10
32 112 17.20
32 114 0.30
32 119 0.10
33 2 0.70
33 8 0.40
33 10 1.50
33 12 0.10
33 14 0.10
33 18 0.50
33 20 0.50
33 22 0.40
33 24 0.40
33 26 0.30
33 28 0.10
33 34 0.90
33 38 0.50
33 42 0.30
33 44 0.10
33 59 0.10
33 63 0.20
33 65 0.50
33 67 0.10
33 69 0.10
33 76 0.20
33 79 0.20
33 82 9.90
33 84 0.40
33 89 0.20
33 90 32.20
33 92 1.30
33 94 0.20
33 96 26.60
33 102 0.60
33 104 0.20
33 106 5.40
33 109 0.10
33 112 14.00
33 114 0.60
33 119 0.10
34 2 0.80
34 4 0.10
34 8 0.70
34 10 0.90
34 12 0.80
34 16 0.10
34 18 0.10
34 20 0.40
34 22 0.20
34 24 0.50
34 26 0.40
34 28 0.20
34 30 0.50
34 32 0.10
34 34 0.10
34 38 0.20
34 40 0.20
34 42 0.20
34 49 0.10
34 61 0.30
34 65 0.30
34 70 0.20
34 72 0.10
34 76 0.20
34 79 0.10
34 82 13.10
34 84 0.20
34 89 0.30
34 90 15.50
34 92 0.20
34 94 0.20
34 96 11.00
34 99 0.40
34 102 0.10
34 106 7.70
34 108 0.10
34 110 14.70
34 112 26.70
34 114 2.00
35 0 0.40
35 2 0.30
35 4 0.80
35 8 0.30
35 12 0.20
35 14 0.30
35 16 0.80
35 18 0.50
35 20 0.40
35 22 0.30
35 24 0.40
35 26 0.60
35 28 0.10
35 30 0.80
35 34 0.20
35 38 0.40
35 42 0.20
35 44 0.10
35 46 0.10
35 59 0.40
35 61 0.30
35 67 0.30
35 70 0.30
35 76 0.10
35 80 12.20
35 82 37.20
35 84 1.40
35 90 1.20
35 92 0.10
35 96 22.00
35 99 0.20
35 102 0.40
35 106 2.50
35 108 0.10
35 109 0.20
35 110 13.20
35 112 0.10
35 114 0.50
35 119 0.10
36 0 0.70
36 4 0.20
36 8 0.20
36 10 0.60
36 12 0.10
36 14 0.10
36 16 0.50
36 18 0.40
36 20 0.30
36 22 0.60
36 26 0.90
36 28 0.50
36 30 0.90
36 32 0.20
36 38 0.30
36 40 0.20
36 59 0.10
36 61 0.50
36 63 0.50
36 65 0.10
36 67 0.30
36 70 0.10
36 80 10.60
36 82 0.20
36 84 0.50
36 90 0.50
36 92 2.10
36 94 0.10
36 96 6.50
36 100 0.10
36 102 0.20
36 106 11.70
36 109 0.40
36 110 58.20
36 112 0.20
36 116 0.20
36 119 0.20
37 0 0.50
37 4 0.10
37 8 0.10
37 10 0.40
37 12 0.10
37 14 0.30
37 16 1.40
37 18 0.20
37 20 0.70
37 22 0.60
37 24 0.40
37 26 0.20
37 28 0.10
37 30 0.20
37 32 0.30
37 34 0.40
37 36 0.60
37 38 0.70
37 42 0.10
37 46 0.50
37 49 0.20
37 61 0.20
37 63 0.30
37 65 0.40
37 67 0.50
37 79 0.10
37 80 27.30
37 82 0.20
37 84 1.20
37 90 0.10
37 92 0.60
37 96 22.20
37 100 0.50
37 102 0.10
37 106 0.20
37 110 0.10
37 112 1.20
37 114 0.60
37 116 35.80
37 119 0.30
38 0 0.70
38 2 0.10
38 4 0.10
38 6 0.40
38 8 0.40
38 12 0.20
38 16 0.50
38 18 0.30
38 20 0.20
38 22 0.40
38 24 0.60
38 26 0.50
38 28 0.10
38 30 0.10
38 32 0.40
38 36 1.30
38 38 0.10
38 40 0.10
38 42 0.20
38 61 0.40
38 63 0.30
38 65 0.30
38 76 0.10
38 79 0.10
38 80 35.20
38 82 1.00
38 84 0.20
38 86 0.20
38 89 0.20
38 90 0.60
38 92 0.30
38 96 0.30
38 99 1.00
38 100 0.50
38 106 0.10
38 110 0.40
38 112 1.80
38 114 0.90
38 116 49.30
38 119 0.10
39 2 0.70
39 4 0.30
39 6 1.80
39 8 0.40
39 10 0.10
39 12 0.20
39 14 0.10
39 16 0.10
39 18 0.40
39 20 0.10
39 22 0.10
39 24 0.60
39 26 0.70
39 28 0.20
39 34 0.10
39 36 0.40
39 38 0.30
39 40 0.40
39 42 0.10
39 46 0.20
39 49 0.10
39 59 0.10
39 63 0.10
39 65 0.20
39 67 0.50
39 70 0.10
39 80 0.20
39 82 2.00
39 84 0.10
39 86 84.00
39 90 0.20
39 96 1.00
39 99 0.20
39 100 0.90
39 104 0.10
39 106 0.10
39 109 0.50
39 110 0.40
39 112 1.00
39 114 0.30
39 116 0.40
39 118 0.20
40 0 0.10
40 2 0.10
40 4 0.10
40 8 0.40
40 10 0.10
40 14 0.40
40 18 55.10
40 20 0.50
40 22 0.40
40 24 0.10
40 26 0.60
40 28 0.50
40 30 0.80
40 32 0.50
40 34 0.20
40 38 0.30
40 40 0.20
40 46 0.10
40 59 0.10
40 61 23.10
40 63 6.20
40 65 0.10
40 67 0.10
40 79 0.10
40 80 0.30
40 82 0.50
40 84 0.50
40 86 0.30
40 89 0.20
40 90 2.00
40 96 0.10
40 98 0.20
40 99 0.10
40 100 0.30
40 106 0.40
40 108 2.20
40 109 0.70
40 110 1.00
40 112 0.10
40 116 0.50
40 119 0.40
41 0 0.10
41 2 0.30
41 8 0.80
41 10 0.10
41 12 0.20
41 14 0.40
41 16 0.20
41 18 0.50
41 20 0.40
41 22 5.10
41 24 0.30
41 26 0.30
41 28 0.20
41 30 0.10
41 32 0.10
41 34 0.40
41 36 0.90
41 38 49.70
41 59 0.10
41 61 5.30
41 63 6.30
41 65 0.90
41 67 16.70
41 69 0.10
41 80 0.70
41 82 0.20
41 84 0.20
41 86 0.40
41 89 0.40
41 90 1.30
41 96 1.00
41 98 0.10
41 99 0.10
41 100 0.10
41 106 0.80
41 109 0.20
41 110 0.80
41 112 0.40
41 114 0.10
41 116 0.80
41 118 2.10
41 119 0.80
42 0 0.80
42 8 5.20
42 10 0.40
42 12 0.50
42 16 0.10
42 18 0.10
42 20 0.50
42 22 40.90
42 24 4.40
42 26 0.10
42 28 0.70
42 34 0.20
42 36 0.20
42 38 5.60
42 42 0.10
42 46 0.20
42 59 0.90
42 61 0.30
42 63 17.00
42 65 3.80
42 67 7.90
42 69 0.10
42 79 0.10
42 80 1.00
42 82 1.10
42 84 0.60
42 86 0.60
42 88 0.70
42 89 0.20
42 90 0.40
42 96 0.80
42 98 1.60
42 99 0.40
42 102 0.20
42 106 0.50
42 109 0.10
42 110 1.20
42 112 0.10
42 116 0.20
42 118 0.10
42 119 0.10
43 2 0.10
43 4 0.60
43 6 1.10
43 8 1.20
43 12 0.10
43 14 0.30
43 16 0.30
43 18 0.10
43 20 0.20
43 22 3.50
43 24 50.10
43 26 0.40
43 28 1.10
43 30 0.10
43 32 0.10
43 34 0.10
43 38 0.10
43 40 0.10
43 59 1.70
43 61 0.50
43 63 0.40
43 65 25.00
43 67 2.80
43 69 0.10
43 79 0.40
43 80 1.30
43 82 0.10
43 84 0.80
43 86 1.00
43 88 1.70
43 89 0.50
43 90 0.10
43 94 0.10
43 96 0.30
43 98 0.50
43 99 0.10
43 106 0.30
43 109 0.10
43 110 1.70
43 112 0.70
43 119 0.20
44 0 0.10
44 2 0.20
44 4 0.10
44 6 0.10
44 8 12.20
44 10 0.40
44 12 0.10
44 14 0.30
44 16 0.10
44 18 1.70
44 20 0.20
44 22 6.00
44 24 1.00
44 26 37.00
44 28 0.40
44 30 0.20
44 32 0.20
44 34 0.20
44 38 0.10
44 40 0.20
44 46 0.20
44 49 0.30
44 59 19.30
44 61 0.30
44 63 0.10
44 67 0.80
44 69 0.20
44 79 1.00
44 80 1.80
44 82 0.60
44 84 0.10
44 86 0.30
44 89 0.20
44 92 0.10
44 94 0.30
44 96 1.00
44 99 7.90
44 102 0.10
44 104 2.70
44 106 0.10
44 109 0.20
44 110 0.20
44 112 0.50
44 114 0.30
44 116 0.50
44 119 0.10
45 0 0.20
45 2 0.10
45 4 0.40
45 8 0.20
45 10 0.30
45 12 0.10
45 14 0.30
45 16 0.30
45 18 0.30
45 20 51.90
45 22 1.90
45 24 0.20
45 26 1.00
45 28 1.30
45 30 0.30
45 32 0.20
45 34 0.40
45 38 0.90
45 40 0.10
45 49 0.40
45 59 2.80
45 61 0.10
45 63 0.10
45 67 0.20
45 69 0.80
45 79 15.70
45 80 0.60
45 82 0.40
45 84 0.20
45 86 0.20
45 89 0.10
45 90 0.10
45 94 2.80
45 96 0.70
45 99 4.40
45 102 0.10
45 104 0.20
45 106 0.10
45 109 5.70
45 110 1.20
45 112 0.50
45 114 0.10
45 116 2.00
45 119 0.10
46 0 0.10
46 2 0.10
46 4 0.20
46 8 35.90
46 10 0.10
46 12 0.30
46 14 1.20
46 16 0.30
46 18 0.10
46 20 2.60
46 22 0.50
46 24 0.60
46 26 15.00
46 28 0.60
46 30 0.10
46 32 0.20
46 34 0.10
46 36 0.50
46 38 1.20
46 40 0.10
46 49 13.50
46 59 0.70
46 61 0.70
46 63 0.10
46 65 0.10
46 67 0.40
46 69 0.40
46 79 1.80
46 80 0.30
46 82 0.70
46 84 0.20
46 86 2.20
46 89 0.30
46 94 0.20
46 96 0.30
46 99 2.20
46 100 0.10
46 106 0.20
46 109 5.00
46 110 0.60
46 112 0.30
46 114 3.00
46 116 1.70
46 119 5.20
47 0 0.10
47 2 0.50
47 4 0.60
47 6 0.30
47 8 0.10
47 12 0.40
47 14 1.00
47 16 0.30
47 18 0.10
47 20 0.30
47 22 0.30
47 24 1.50
47 26 2.10
47 28 49.70
47 32 0.10
47 34 0.50
47 36 0.20
47 38 0.20
47 49 1.60
47 53 0.30
47 59 5.50
47 61 4.00
47 63 0.40
47 65 0.20
47 67 1.00
47 69 11.40
47 79 0.50
47 80 1.20
47 82 0.50
47 84 3.00
47 86 0.20
47 89 0.20
47 92 0.10
47 99 1.40
47 104 0.40
47 109 2.90
47 110 0.60
47 116 1.10
47 119 5.20
48 0 0.20
48 2 0.10
48 4 0.70
48 6 0.30
48 8 0.30
48 10 0.20
48 12 0.20
48 14 49.60
48 18 0.70
48 20 0.50
48 22 0.20
48 24 0.30
48 26 1.80
48 30 0.50
48 32 0.30
48 34 0.60
48 38 0.10
48 49 0.90
48 53 0.10
48 55 8.20
48 59 0.10
48 61 1.90
48 63 1.00
48 65 0.30
48 67 3.80
48 69 0.70
48 79 3.20
48 80 0.50
48 86 1.90
48 89 7.40
48 99 3.70
48 100 0.10
48 102 3.60
48 106 0.10
48 109 1.70
48 110 0.70
48 116 0.80
48 119 2.70
49 2 0.10
49 4 0.10
49 6 0.10
49 8 0.50
49 10 0.30
49 12 0.60
49 16 0.30
49 18 0.60
49 20 1.70
49 22 0.20
49 26 0.40
49 28 0.10
49 30 0.10
49 34 50.10
49 36 0.60
49 38 0.60
49 49 2.50
49 53 7.30
49 55 0.40
49 59 0.20
49 61 1.10
49 63 3.90
49 65 0.60
49 67 2.10
49 69 0.40
49 73 0.20
49 79 8.00
49 80 0.70
49 86 0.70
49 89 3.30
49 92 3.30
49 96 0.10
49 99 0.80
49 109 3.00
49 110 0.20
49 112 0.70
49 116 0.80
49 119 3.30
50 0 0.50
50 2 0.20
50 4 2.40
50 8 1.70
50 10 0.40
50 12 48.10
50 14 0.20
50 16 0.30
50 18 0.40
50 20 0.50
50 22 1.00
50 26 0.10
50 28 0.60
50 30 0.10
50 32 0.60
50 36 0.10
50 38 0.20
50 49 11.30
50 51 7.20
50 53 0.30
50 59 0.60
50 63 1.80
50 65 4.30
50 67 0.90
50 69 0.80
50 75 0.10
50 79 0.30
50 80 1.10
50 82 0.20
50 86 0.80
50 89 3.80
50 92 0.40
50 99 0.40
50 100 0.10
50 109 1.20
50 112 3.40
50 119 3.60
51 0 0.20
51 2 0.50
51 4 21.30
51 6 0.40
51 8 0.30
51 10 0.10
51 12 2.30
51 14 0.30
51 16 26.50
51 18 0.90
51 20 0.20
51 22 0.50
51 24 0.90
51 26 0.20
51 28 1.60
51 30 0.10
51 32 0.70
51 34 0.20
51 38 0.50
51 49 0.20
51 51 0.50
51 55 0.50
51 57 2.00
51 59 2.80
51 61 0.10
51 63 0.80
51 65 2.00
51 67 0.20
51 69 15.00
51 73 0.20
51 75 4.80
51 79 0.10
51 80 0.20
51 82 3.90
51 86 1.30
51 89 4.10
51 90 0.10
51 92 0.20
51 96 0.10
51 99 2.00
51 109 0.70
51 119 0.50
52 2 0.50
52 4 26.00
52 6 0.30
52 8 0.30
52 10 3.60
52 14 1.70
52 16 16.90
52 18 4.20
52 20 0.50
52 22 0.50
52 24 0.20
52 26 0.90
52 28 0.40
52 30 0.30
52 32 3.80
52 34 0.40
52 38 0.70
52 43 0.20
52 53 0.60
52 55 16.00
52 57 2.50
52 59 2.50
52 61 0.30
52 63 0.10
52 65 0.80
52 67 0.30
52 69 0.50
52 73 2.30
52 75 2.10
52 79 1.60
52 89 0.50
52 96 0.20
52 99 1.90
52 100 4.50
52 105 0.20
52 109 1.10
52 116 0.10
52 119 0.50
53 0 0.20
53 2 2.00
53 4 0.20
53 8 0.10
53 10 45.10
53 12 0.40
53 14 0.40
53 16 2.50
53 18 0.70
53 20 0.60
53 22 4.50
53 24 0.80
53 26 0.50
53 28 0.10
53 30 0.10
53 32 1.10
53 34 1.20
53 36 0.40
53 38 0.70
53 43 0.20
53 45 2.30
53 49 0.80
53 51 0.40
53 53 15.10
53 55 0.30
53 57 0.30
53 59 1.80
53 65 0.20
53 67 0.30
53 73 3.70
53 75 0.20
53 79 1.60
53 86 0.10
53 89 0.70
53 90 4.70
53 99 1.70
53 105 0.60
53 109 2.50
53 116 0.10
53 119 0.80
54 0 0.30
54 2 1.00
54 4 0.10
54 8 0.60
54 10 2.00
54 12 1.00
54 14 0.60
54 16 2.20
54 18 0.50
54 20 0.30
54 22 0.50
54 24 0.60
54 26 0.70
54 28 0.10
54 30 0.60
54 32 44.40
54 34 0.50
54 36 0.30
54 38 4.40
54 41 0.10
54 43 1.50
54 45 4.10
54 49 1.00
54 51 13.10
54 53 1.20
54 57 2.70
54 59 1.20
54 61 0.80
54 63 0.20
54 65 0.40
54 67 0.20
54 69 0.30
54 73 0.20
54 79 0.60
54 89 0.40
54 96 0.10
54 99 1.40
54 105 0.70
54 109 1.60
54 110 4.80
54 119 2.70
55 0 0.30
55 2 13.70
55 4 0.10
55 6 0.30
55 8 0.50
55 10 0.20
55 12 0.50
55 14 0.10
55 16 2.50
55 18 0.30
55 20 0.40
55 22 0.70
55 24 4.30
55 26 0.90
55 28 0.30
55 30 1.70
55 34 0.10
55 36 32.70
55 38 0.30
55 41 0.10
55 43 1.90
55 45 0.20
55 49 0.80
55 51 1.80
55 53 0.10
55 55 0.40
55 57 14.50
55 59 0.30
55 61 0.40
55 63 0.60
55 67 0.30
55 69 0.60
55 71 4.00
55 73 0.10
55 75 0.50
55 79 1.80
55 80 4.60
55 86 0.10
55 89 1.80
55 96 0.10
55 99 1.40
55 106 0.30
55 109 1.90
55 116 0.10
55 119 1.40
56 0 0.80
56 2 10.80
56 4 0.90
56 6 0.20
56 8 0.20
56 9 0.50
56 10 0.20
56 12 0.40
56 14 0.40
56 16 1.30
56 18 0.10
56 20 0.90
56 22 0.20
56 24 0.60
56 26 4.50
56 28 0.10
56 30 30.30
56 32 0.20
56 34 0.20
56 36 6.50
56 38 0.70
56 41 1.10
56 43 2.40
56 49 1.00
56 51 1.10
56 53 0.20
56 55 0.10
56 57 0.80
56 59 0.10
56 61 0.30
56 63 0.50
56 67 0.60
56 69 0.40
56 71 2.30
56 73 0.40
56 75 14.30
56 79 2.50
56 80 0.20
56 89 2.30
56 95 0.10
56 99 0.60
56 105 0.50
56 106 4.70
56 109 0.90
56 116 0.40
56 119 2.20
57 0 1.90
57 2 21.20
57 4 0.50
57 6 0.20
57 8 1.10
57 9 0.60
57 10 0.70
57 12 0.10
57 14 0.30
57 16 1.20
57 18 0.70
57 20 4.40
57 22 0.40
57 24 0.50
57 26 0.50
57 28 0.30
57 30 17.50
57 32 0.40
57 34 0.50
57 36 8.10
57 38 0.20
57 41 2.90
57 43 0.10
57 45 0.50
57 49 3.70
57 51 0.30
57 53 0.20
57 55 0.10
57 57 1.40
57 63 0.10
57 65 0.70
57 67 0.30
57 69 0.60
57 73 13.60
57 75 1.30
57 77 1.70
57 79 1.20
57 86 0.30
57 89 1.20
57 95 0.10
57 96 4.60
57 99 0.50
57 105 0.80
57 106 0.10
57 109 1.20
57 116 0.40
57 119 0.80
58 0 5.60
58 2 0.40
58 4 0.40
58 6 40.60
58 8 4.20
58 9 0.20
58 10 0.60
58 12 0.50
58 14 0.10
58 16 0.30
58 18 0.20
58 20 0.60
58 22 0.50
58 24 0.20
58 26 0.40
58 28 0.50
58 32 0.90
58 34 0.30
58 36 2.70
58 38 0.30
58 41 1.70
58 45 13.80
58 49 1.10
58 51 0.30
58 55 0.50
58 57 0.30
58 59 0.30
58 61 0.40
58 63 0.30
58 65 0.60
58 67 0.20
58 69 4.90
58 71 0.40
58 73 1.20
58 75 0.10
58 77 4.50
58 79 0.10
58 86 0.20
58 89 2.00
58 95 0.90
58 96 0.40
58 99 0.10
58 105 0.10
58 106 0.10
58 109 0.50
58 116 4.80
58 119 0.70
59 0 40.40
59 2 0.20
59 4 0.30
59 6 8.30
59 8 0.70
59 9 0.30
59 10 0.30
59 12 0.10
59 14 0.40
59 16 0.30
59 18 0.70
59 20 0.20
59 22 0.30
59 24 0.50
59 26 0.30
59 28 3.60
59 30 0.20
59 32 0.40
59 34 0.30
59 36 1.10
59 38 0.30
59 39 0.60
59 41 0.30
59 43 0.30
59 45 1.80
59 47 5.50
59 49 0.70
59 51 0.30
59 55 6.00
59 57 0.20
59 59 0.50
59 61 0.10
59 63 0.30
59 65 0.10
59 67 0.20
59 69 1.10
59 71 12.50
59 73 0.40
59 75 0.20
59 79 0.30
59 86 5.20
59 89 1.40
59 96 0.20
59 99 0.50
59 103 0.10
59 105 1.10
59 109 0.30
59 119 0.60
60 0 0.10
60 2 0.30
60 4 0.30
60 6 0.10
60 8 0.10
60 9 44.80
60 10 0.50
60 12 0.30
60 14 2.30
60 16 0.40
60 18 0.20
60 19 0.40
60 20 0.30
60 22 0.20
60 24 0.20
60 26 0.50
60 28 0.40
60 29 1.60
60 30 0.80
60 32 0.50
60 34 0.70
60 36 0.70
60 38 0.50
60 39 0.20
60 43 8.70
60 45 0.40
60 47 0.20
60 49 0.10
60 51 0.20
60 53 6.30
60 55 1.70
60 57 0.20
60 61 5.30
60 63 4.00
60 67 0.40
60 69 0.70
60 71 2.10
60 73 0.80
60 75 0.30
60 77 4.10
60 79 0.20
60 89 0.70
60 95 0.30
60 99 5.20
60 105 0.40
60 109 0.20
60 119 1.10
61 0 0.10
61 2 0.80
61 4 0.30
61 6 0.60
61 8 0.20
61 9 2.90
61 10 0.30
61 12 0.70
61 14 0.40
61 16 0.30
61 18 0.20
61 19 5.00
61 20 0.50
61 22 0.40
61 24 0.30
61 26 0.30
61 28 0.60
61 29 1.00
61 30 0.80
61 32 0.20
61 34 1.40
61 36 0.30
61 38 0.60
61 39 37.90
61 41 0.10
61 43 3.90
61 45 0.30
61 47 0.10
61 49 0.80
61 51 2.90
61 53 2.10
61 55 1.60
61 57 1.90
61 59 0.10
61 61 3.60
61 63 4.30
61 65 0.90
61 67 1.20
61 69 0.50
61 71 0.60
61 73 0.30
61 75 0.20
61 77 10.80
61 79 0.20
61 89 0.10
61 95 0.10
61 99 0.50
61 103 0.20
61 105 1.20
61 109 0.40
61 119 5.00
62 0 0.60
62 2 0.70
62 4 0.20
62 6 1.30
62 8 0.60
62 9 0.50
62 10 0.20
62 12 1.60
62 14 0.70
62 16 0.50
62 18 0.10
62 19 40.40
62 20 0.50
62 22 0.20
62 24 0.40
62 26 0.20
62 28 0.10
62 30 0.20
62 32 0.40
62 34 0.90
62 36 0.30
62 38 0.30
62 39 5.70
62 41 11.80
62 43 1.90
62 45 0.10
62 47 0.40
62 49 0.20
62 51 3.00
62 53 0.80
62 55 0.30
62 57 4.70
62 59 0.50
62 61 0.60
62 63 1.40
62 65 2.80
62 67 4.90
62 69 0.30
62 71 0.60
62 73 0.10
62 75 0.50
62 77 0.70
62 79 0.10
62 89 0.30
62 95 0.10
62 99 0.10
62 103 0.10
62 105 1.10
62 109 5.90
62 119 0.10
63 0 1.10
63 2 0.40
63 4 0.50
63 6 0.10
63 8 0.80
63 9 0.10
63 10 0.30
63 12 0.40
63 14 0.30
63 16 1.90
63 18 0.10
63 19 0.30
63 20 0.10
63 22 0.40
63 23 10.00
63 24 0.60
63 25 10.50
63 26 0.50
63 28 0.40
63 29 20.20
63 30 0.40
63 32 0.20
63 34 0.60
63 36 0.30
63 38 0.10
63 39 3.80
63 41 2.10
63 43 1.00
63 47 11.90
63 49 0.10
63 51 2.80
63 53 0.70
63 55 0.40
63 57 1.80
63 59 1.00
63 61 1.00
63 63 0.90
63 65 6.20
63 67 2.60
63 69 0.20
63 71 0.10
63 75 3.70
63 77 0.40
63 79 0.40
63 89 6.00
63 95 0.60
63 99 0.20
63 103 0.10
63 105 0.60
63 109 0.20
63 115 0.10
63 119 0.50
64 0 0.40
64 2 0.40
64 4 1.60
64 6 0.40
64 8 0.30
64 9 1.10
64 10 0.40
64 12 0.70
64 14 0.60
64 16 0.30
64 18 5.00
64 19 1.30
64 20 0.50
64 21 3.00
64 22 0.10
64 23 8.40
64 24 0.20
64 25 30.20
64 26 0.20
64 28 0.10
64 29 2.10
64 30 0.40
64 32 0.40
64 34 0.30
64 36 0.20
64 38 0.30
64 39 0.80
64 41 1.10
64 43 0.40
64 47 2.00
64 49 0.30
64 51 0.50
64 53 0.50
64 55 0.40
64 57 0.70
64 59 8.80
64 61 0.60
64 63 0.30
64 65 0.20
64 67 1.10
64 69 0.50
64 71 0.20
64 73 3.70
64 75 3.40
64 77 0.30
64 79 0.50
64 89 0.10
64 95 0.50
64 99 0.20
64 103 0.30
64 105 13.50
64 109 0.10
64 119 0.10
65 0 0.20
65 2 0.40
65 4 0.40
65 6 0.40
65 8 0.10
65 9 1.60
65 10 1.70
65 12 0.50
65 14 0.40
65 15 18.50
65 16 0.50
65 18 0.70
65 19 1.00
65 20 0.60
65 21 10.40
65 22 0.10
65 23 6.90
65 24 0.30
65 25 2.50
65 26 0.20
65 29 5.00
65 30 0.20
65 32 0.20
65 34 0.20
65 36 0.20
65 38 4.80
65 39 0.90
65 41 0.20
65 43 0.10
65 45 4.40
65 47 1.10
65 49 0.40
65 51 0.60
65 53 0.30
65 55 0.20
65 57 0.30
65 59 0.50
65 61 0.90
65 63 0.80
65 65 0.70
65 67 0.30
65 69 0.50
65 71 0.20
65 73 1.50
65 75 1.70
65 77 0.30
65 79 9.10
65 85 0.20
65 89 0.60
65 95 14.90
65 99 0.10
65 103 0.20
65 105 0.40
65 109 0.10
65 115 0.40
65 119 0.10
66 0 0.30
66 2 0.10
66 4 0.50
66 6 0.40
66 8 0.70
66 9 0.70
66 10 0.40
66 12 0.40
66 14 0.10
66 15 16.70
66 16 0.50
66 18 1.20
66 19 0.90
66 20 0.20
66 21 0.10
66 22 4.50
66 23 5.70
66 24 0.80
66 26 0.80
66 27 7.20
66 28 0.70
66 30 0.40
66 32 1.30
66 34 0.20
66 35 13.50
66 36 0.20
66 38 0.20
66 39 1.00
66 41 0.40
66 43 0.20
66 45 2.90
66 47 0.30
66 49 8.80
66 51 0.50
66 53 0.30
66 55 0.50
66 57 0.60
66 59 0.10
66 61 0.20
66 63 0.70
66 65 1.10
66 67 0.70
66 69 1.00
66 71 3.10
66 73 2.10
66 75 0.50
66 77 0.10
66 79 0.90
66 85 2.50
66 89 0.20
66 95 0.30
66 99 0.40
66 103 0.50
66 105 0.40
66 109 0.10
66 115 10.90
67 0 0.60
67 2 0.10
67 4 0.40
67 5 12.60
67 6 0.20
67 8 0.20
67 9 0.80
67 10 0.50
67 12 0.30
67 14 0.40
67 15 6.40
67 16 0.70
67 18 0.20
67 19 1.00
67 20 0.30
67 21 4.40
67 22 1.60
67 23 1.80
67 24 4.20
67 25 0.20
67 26 0.20
67 27 2.00
67 28 0.40
67 29 3.70
67 30 0.10
67 32 0.70
67 34 0.10
67 35 12.40
67 36 1.60
67 38 1.00
67 39 1.00
67 41 0.10
67 43 1.00
67 45 1.70
67 47 0.40
67 49 0.90
67 53 0.50
67 55 0.20
67 57 0.60
67 59 1.30
67 61 0.90
67 63 0.20
67 65 0.10
67 67 1.20
67 69 7.60
67 71 1.90
67 73 1.90
67 75 0.30
67 77 2.20
67 85 9.80
67 89 0.10
67 95 0.70
67 99 1.10
67 103 1.00
67 105 0.30
67 109 0.20
67 115 3.40
67 119 0.30
68 0 0.10
68 2 0.20
68 4 0.80
68 5 11.80
68 6 0.20
68 8 1.30
68 9 1.30
68 10 0.40
68 12 0.10
68 14 0.50
68 16 0.40
68 18 1.80
68 19 0.80
68 20 0.30
68 21 2.90
68 22 0.80
68 23 13.40
68 24 0.70
68 25 0.30
68 26 3.20
68 27 1.30
68 28 0.40
68 29 2.90
68 30 1.30
68 32 0.50
68 34 0.60
68 35 10.80
68 36 0.40
68 38 1.00
68 39 0.60
68 41 0.40
68 43 2.70
68 45 0.60
68 49 0.50
68 51 0.50
68 53 0.90
68 55 5.70
68 59 0.40
68 61 0.70
68 63 0.30
68 65 0.70
68 67 0.80
68 69 0.50
68 71 2.10
68 73 0.30
68 75 0.20
68 77 2.10
68 79 1.30
68 85 2.00
68 89 0.30
68 95 0.40
68 99 2.60
68 103 11.20
68 105 0.30
68 109 0.80
68 115 0.10
68 119 0.50
69 0 0.20
69 2 1.40
69 4 0.50
69 5 6.80
69 6 0.30
69 8 0.50
69 9 0.30
69 10 0.60
69 12 0.30
69 13 20.20
69 18 1.30
69 19 0.80
69 20 4.70
69 21 6.00
69 22 0.70
69 23 1.00
69 24 1.10
69 25 1.40
69 26 0.60
69 27 1.30
69 28 0.20
69 29 4.30
69 30 0.20
69 32 0.50
69 34 0.60
69 35 4.10
69 36 0.70
69 38 1.60
69 39 1.60
69 41 2.00
69 43 1.50
69 47 0.30
69 49 1.10
69 51 0.40
69 53 5.30
69 55 0.50
69 57 0.40
69 59 0.30
69 61 0.10
69 63 1.00
69 65 0.40
69 67 0.60
69 69 0.30
69 71 1.40
69 73 0.90
69 75 0.30
69 77 2.50
69 79 0.10
69 93 11.10
69 95 0.20
69 99 0.70
69 103 0.30
69 105 1.00
69 109 1.80
69 115 0.40
69 119 1.30
70 0 0.50
70 2 0.20
70 3 8.40
70 5 9.20
70 6 1.10
70 8 3.60
70 9 0.70
70 10 0.70
70 12 0.50
70 13 9.40
70 14 0.10
70 15 0.90
70 16 0.20
70 18 0.80
70 19 1.40
70 20 0.50
70 21 3.70
70 22 1.60
70 23 1.10
70 24 0.60
70 25 0.50
70 26 2.30
70 27 2.60
70 28 0.50
70 29 0.30
70 30 0.50
70 32 0.10
70 33 8.40
70 34 0.10
70 35 0.10
70 36 0.30
70 38 0.80
70 39 0.30
70 41 2.40
70 43 1.60
70 45 0.60
70 47 2.10
70 49 0.30
70 51 5.20
70 53 0.40
70 55 0.40
70 57 0.30
70 59 0.20
70 61 0.40
70 63 0.40
70 65 0.80
70 67 0.20
70 69 1.50
70 71 0.70
70 73 0.40
70 75 1.00
70 77 1.60
70 79 0.50
70 85 0.20
70 89 0.60
70 93 0.60
70 95 0.80
70 99 0.90
70 103 0.10
70 105 0.30
70 109 1.10
70 113 10.30
70 115 0.30
70 119 1.80
71 0 1.10
71 2 0.50
71 3 7.80
71 4 0.50
71 5 0.10
71 6 0.50
71 8 0.70
71 9 0.60
71 12 0.20
71 13 10.60
71 15 0.70
71 16 0.10
71 18 0.30
71 19 0.20
71 20 1.30
71 21 1.80
71 22 1.20
71 23 0.60
71 24 1.90
71 25 0.70
71 26 0.60
71 27 4.20
71 28 5.30
71 29 0.60
71 30 0.50
71 32 0.50
71 33 18.00
71 34 0.40
71 35 0.10
71 36 0.40
71 38 0.80
71 39 0.30
71 41 0.90
71 43 1.80
71 45 0.30
71 47 2.50
71 49 0.50
71 51 0.60
71 53 0.20
71 55 0.50
71 57 1.60
71 59 1.00
71 61 0.10
71 63 0.20
71 65 0.90
71 67 0.20
71 69 0.50
71 71 0.70
71 73 0.60
71 75 4.00
71 77 0.70
71 79 0.50
71 83 10.00
71 85 0.10
71 89 2.10
71 95 0.10
71 99 1.10
71 103 1.00
71 105 1.80
71 109 0.90
71 113 0.40
71 115 0.10
71 119 1.00
72 0 0.50
72 2 0.40
72 3 9.30
72 4 0.10
72 5 0.20
72 8 1.20
72 9 1.60
72 10 0.40
72 12 0.50
72 13 0.10
72 14 5.80
72 15 0.10
72 16 0.10
72 18 4.30
72 19 0.60
72 20 0.10
72 21 17.00
72 22 0.80
72 23 1.40
72 24 0.70
72 25 0.90
72 26 1.80
72 27 1.50
72 28 0.70
72 29 0.60
72 30 0.30
72 32 0.50
72 33 13.10
72 34 0.30
72 35 0.70
72 36 0.50
72 38 0.70
72 39 1.00
72 41 1.10
72 43 0.90
72 45 0.60
72 47 0.90
72 49 0.30
72 51 0.70
72 53 0.30
72 55 2.20
72 57 2.40
72 59 1.00
72 61 0.70
72 63 0.10
72 65 0.10
72 67 0.30
72 69 0.30
72 71 0.10
72 73 2.10
72 75 1.40
72 77 0.90
72 79 0.70
72 83 0.30
72 85 0.20
72 89 0.70
72 91 0.10
72 93 0.10
72 95 3.20
72 99 0.80
72 101 5.60
72 103 0.10
72 105 0.60
72 109 1.30
72 113 0.10
72 115 1.00
72 119 1.00
73 2 0.20
73 3 9.30
73 4 0.10
73 5 0.20
73 6 0.50
73 8 0.30
73 9 0.60
73 10 0.10
73 11 24.70
73 12 0.50
73 13 0.20
73 14 0.60
73 15 0.40
73 16 0.70
73 18 0.80
73 19 0.50
73 20 2.40
73 21 0.60
73 22 1.10
73 23 0.50
73 24 0.90
73 25 0.40
73 26 0.70
73 27 6.10
73 28 1.30
73 29 0.70
73 30 0.80
73 32 0.70
73 34 5.40
73 35 1.10
73 38 3.70
73 39 1.50
73 41 0.90
73 43 0.80
73 45 2.00
73 47 0.70
73 49 0.30
73 51 0.60
73 53 2.60
73 55 1.00
73 57 0.50
73 59 0.40
73 61 0.20
73 63 0.50
73 67 0.60
73 69 0.50
73 71 0.40
73 73 3.40
73 75 0.60
73 77 0.10
73 79 0.60
73 85 0.70
73 89 0.90
73 91 4.80
73 93 0.20
73 95 1.10
73 99 0.50
73 101 0.40
73 103 0.40
73 105 1.10
73 109 0.80
73 113 0.10
73 115 3.50
73 119 1.20
74 0 0.30
74 2 0.80
74 3 4.30
74 4 0.50
74 5 1.00
74 6 0.50
74 8 1.60
74 9 1.00
74 10 0.10
74 11 14.60
74 12 5.10
74 13 0.50
74 14 0.60
74 15 1.00
74 16 0.30
74 18 0.50
74 19 1.90
74 20 0.70
74 21 0.50
74 22 3.60
74 23 0.60
74 24 0.80
74 25 0.70
74 26 1.50
74 27 3.30
74 28 0.50
74 29 0.30
74 31 17.40
74 32 0.20
74 34 0.70
74 35 0.10
74 36 0.60
74 38 1.20
74 39 0.70
74 41 0.90
74 43 1.20
74 45 3.80
74 47 1.10
74 49 0.70
74 51 2.90
74 53 0.70
74 55 0.40
74 57 1.10
74 61 0.40
74 63 0.60
74 65 0.10
74 67 0.30
74 69 0.70
74 71 0.70
74 73 0.20
74 75 0.40
74 77 0.20
74 79 0.90
74 81 0.40
74 85 2.40
74 89 1.20
74 91 0.30
74 93 0.40
74 95 0.70
74 99 0.60
74 103 1.20
74 105 0.40
74 109 0.30
74 111 4.00
74 115 2.20
74 119 0.60
75 0 0.40
75 1 12.40
75 2 0.30
75 3 0.10
75 4 1.80
75 5 0.40
75 6 0.30
75 8 1.10
75 9 0.90
75 10 0.30
75 11 0.10
75 12 0.80
75 13 1.10
75 14 0.20
75 15 0.30
75 16 3.90
75 17 5.00
75 18 0.30
75 19 0.50
75 20 1.10
75 21 0.50
75 22 0.90
75 23 1.60
75 24 3.90
75 25 0.60
75 26 0.50
75 27 6.30
75 28 1.70
75 29 0.30
75 30 0.70
75 31 16.20
75 32 0.20
75 33 0.50
75 34 0.50
75 35 0.60
75 36 0.20
75 38 0.80
75 39 0.90
75 41 1.60
75 43 2.20
75 45 0.20
75 47 0.90
75 49 0.30
75 51 0.40
75 53 0.30
75 55 1.60
75 57 3.20
75 61 0.30
75 65 0.70
75 67 0.30
75 69 0.30
75 71 3.50
75 73 0.30
75 75 0.50
75 77 0.40
75 79 0.30
75 81 3.70
75 83 0.10
75 85 3.30
75 89 0.50
75 93 0.20
75 95 0.40
75 99 0.70
75 101 0.20
75 103 2.40
75 105 0.30
75 109 1.40
75 111 0.50
75 115 0.60
75 119 0.20
76 0 0.50
76 1 14.70
76 2 0.80
76 3 0.10
76 4 3.60
76 5 0.70
76 6 0.10
76 8 1.80
76 9 0.90
76 10 0.60
76 11 0.30
76 12 0.60
76 13 0.30
76 14 2.40
76 15 0.10
76 16 2.10
76 17 6.60
76 18 2.30
76 19 1.00
76 20 0.20
76 21 1.40
76 22 0.40
76 23 1.30
76 24 0.90
76 25 1.50
76 26 3.40
76 27 12.70
76 28 0.70
76 29 0.40
76 30 0.20
76 31 4.70
76 32 0.50
76 33 0.80
76 35 0.30
76 36 0.40
76 38 0.60
76 39 0.50
76 41 1.30
76 43 2.30
76 45 0.30
76 47 1.10
76 49 0.50
76 51 0.40
76 53 1.40
76 55 0.20
76 57 0.60
76 59 0.90
76 61 0.30
76 63 0.50
76 65 0.20
76 67 0.30
76 71 2.30
76 73 0.80
76 75 3.20
76 77 0.80
76 79 0.20
76 81 0.20
76 83 0.30
76 85 1.20
76 89 0.90
76 91 0.10
76 93 4.20
76 99 0.10
76 101 0.10
76 103 1.10
76 105 0.10
76 107 1.70
76 109 0.50
76 113 0.10
76 115 0.20
76 117 0.10
76 119 1.10
77 0 0.10
77 1 10.30
77 2 0.10
77 3 0.40
77 4 0.90
77 5 0.50
77 6 1.10
77 7 0.80
77 8 0.20
77 9 0.80
77 10 5.00
77 11 0.70
77 12 0.20
77 13 0.30
77 14 0.80
77 15 0.60
77 16 0.50
77 17 26.30
77 18 0.60
77 19 0.40
77 20 4.10
77 21 1.70
77 22 0.80
77 23 0.50
77 24 0.80
77 25 1.60
77 26 1.10
77 27 1.10
77 28 0.70
77 29 0.20
77 30 0.10
77 31 0.10
77 32 0.20
77 33 0.30
77 34 1.80
77 35 0.40
77 36 0.50
77 37 0.40
77 38 1.80
77 39 1.10
77 41 2.70
77 43 0.70
77 45 0.70
77 47 0.90
77 49 1.00
77 51 1.20
77 53 0.40
77 55 0.60
77 57 1.10
77 59 0.20
77 61 0.50
77 63 0.20
77 65 0.40
77 67 0.60
77 69 0.60
77 71 0.50
77 73 3.40
77 75 0.40
77 77 1.20
77 79 0.70
77 83 0.20
77 85 0.30
77 89 0.70
77 91 0.10
77 93 1.20
77 95 0.30
77 97 1.10
77 99 0.50
77 101 0.10
77 103 1.10
77 105 0.10
77 107 0.20
77 109 0.20
77 113 4.80
77 115 0.70
77 119 0.50
78 0 1.40
78 1 0.50
78 2 0.20
78 3 1.00
78 4 0.90
78 5 0.50
78 6 0.40
78 7 10.00
78 8 3.60
78 9 0.50
78 10 0.90
78 11 0.50
78 12 1.60
78 13 0.60
78 14 0.40
78 15 0.30
78 16 0.60
78 17 1.00
78 18 0.10
78 19 1.10
78 20 1.10
78 21 0.60
78 22 1.80
78 23 1.00
78 24 0.30
78 25 1.40
78 26 1.30
78 27 1.90
78 28 0.90
78 29 0.30
78 30 0.40
78 31 0.10
78 32 4.80
78 33 0.50
78 34 1.00
78 35 0.10
78 36 0.10
78 37 26.50
78 38 1.10
78 39 1.40
78 41 1.20
78 43 0.60
78 45 3.50
78 47 0.30
78 49 0.60
78 51 0.20
78 53 0.70
78 55 0.30
78 57 1.20
78 59 0.10
78 61 0.10
78 63 0.70
78 65 0.20
78 67 0.20
78 69 1.00
78 71 0.10
78 73 0.60
78 75 0.50
78 77 3.90
78 79 0.30
78 81 0.10
78 83 4.00
78 85 0.20
78 89 0.90
78 91 0.10
78 93 1.20
78 95 0.20
78 97 0.10
78 99 0.20
78 101 0.50
78 103 0.30
78 105 0.30
78 109 0.10
78 111 0.10
78 113 1.20
78 115 0.10
78 117 1.00
78 119 0.40
79 0 0.30
79 2 1.50
79 3 0.30
79 4 0.70
79 5 0.10
79 6 0.30
79 7 26.50
79 8 0.80
79 9 0.80
79 10 0.90
79 11 0.20
79 12 0.70
79 13 0.40
79 14 0.80
79 15 2.70
79 16 1.30
79 17 1.20
79 18 0.10
79 19 1.80
79 20 0.90
79 21 0.80
79 22 0.60
79 23 0.60
79 24 2.30
79 25 0.60
79 26 0.20
79 27 0.70
79 28 5.00
79 30 0.40
79 31 0.30
79 32 0.60
79 33 0.10
79 34 0.80
79 35 0.30
79 36 3.90
79 37 10.90
79 38 0.40
79 39 0.70
79 41 0.60
79 43 0.20
79 45 0.50
79 47 4.60
79 49 0.30
79 51 0.80
79 53 0.60
79 55 1.10
79 57 0.50
79 59 0.30
79 61 0.40
79 63 0.10
79 65 0.40
79 67 0.40
79 69 1.40
79 71 3.80
79 75 0.90
79 77 0.40
79 79 0.30
79 83 1.30
79 85 0.20
79 87 1.00
79 89 0.70
79 91 0.20
79 93 0.40
79 95 0.80
79 99 0.50
79 101 3.50
79 103 0.20
79 105 0.40
79 109 0.70
79 113 0.40
79 115 0.20
79 119 0.40
80 0 0.10
80 1 0.20
80 2 1.10
80 3 0.60
80 4 1.20
80 6 0.20
80 7 0.10
80 8 1.30
80 9 2.50
80 10 0.50
80 11 0.20
80 12 0.80
80 13 0.10
80 14 4.70
80 15 0.50
80 16 0.80
80 17 0.40
80 18 1.00
80 19 0.90
80 20 0.10
80 21 1.70
80 22 0.10
80 23 0.80
80 24 0.60
80 25 0.30
80 26 2.10
80 27 1.00
80 28 1.10
80 29 0.10
80 30 3.70
80 31 1.00
80 32 1.10
80 33 1.10
80 34 0.30
80 35 2.00
80 36 1.00
80 38 0.10
80 39 0.60
80 41 0.90
80 43 3.70
80 45 0.10
80 47 0.60
80 49 0.20
80 51 0.80
80 53 1.10
80 55 1.60
80 57 0.50
80 59 0.40
80 61 10.30
80 63 26.70
80 65 0.70
80 67 0.30
80 69 0.80
80 71 0.40
80 73 1.20
80 75 0.40
80 77 0.60
80 81 0.10
80 83 0.80
80 85 0.20
80 89 0.20
80 91 3.20
80 93 0.50
80 95 0.40
80 97 0.10
80 99 3.50
80 101 1.10
80 103 0.60
80 105 0.20
80 109 0.30
80 111 0.20
80 113 0.20
80 115 0.50
80 119 0.60
81 0 0.40
81 1 0.70
81 2 2.80
81 3 0.80
81 4 0.60
81 5 0.10
81 6 0.10
81 7 0.10
81 8 0.20
81 9 1.10
81 10 1.50
81 11 0.50
81 12 0.50
81 13 1.80
81 14 0.90
81 15 0.50
81 16 0.70
81 17 0.20
81 19 0.80
81 20 2.60
81 21 2.60
81 22 0.10
81 23 0.90
81 24 0.20
81 25 0.50
81 26 0.60
81 27 0.10
81 28 0.60
81 29 0.70
81 30 2.10
81 31 0.50
81 32 0.80
81 33 0.10
81 34 4.10
81 35 0.80
81 36 1.60
81 37 0.60
81 38 1.00
81 39 1.90
81 41 0.80
81 43 0.40
81 45 1.20
81 47 0.70
81 49 0.70
81 51 1.00
81 53 1.10
81 55 0.40
81 57 0.90
81 59 2.20
81 61 19.20
81 63 10.00
81 65 3.50
81 67 1.20
81 69 2.20
81 71 0.40
81 73 0.40
81 75 0.80
81 77 3.90
81 79 0.30
81 81 0.10
81 83 0.20
81 85 0.40
81 89 0.10
81 91 1.10
81 93 0.10
81 95 0.10
81 99 0.40
81 101 0.90
81 103 0.20
81 105 0.10
81 107 0.30
81 109 0.30
81 111 3.10
81 113 0.10
81 115 0.70
81 119 3.80
82 0 0.50
82 1 0.70
82 2 1.10
82 3 0.10
82 4 0.60
82 5 2.20
82 6 4.30
82 7 0.20
82 8 2.40
82 9 1.10
82 10 0.50
82 11 0.80
82 12 4.20
82 13 0.50
82 14 0.60
82 15 0.10
82 16 0.50
82 17 0.20
82 19 2.10
82 20 0.50
82 21 0.30
82 22 0.80
82 23 2.10
82 24 0.10
82 25 1.10
82 26 0.50
82 27 1.20
82 28 0.40
82 29 0.20
82 30 0.80
82 31 0.30
82 32 1.20
82 34 1.20
82 35 0.70
82 36 0.70
82 37 1.10
82 39 1.30
82 41 3.80
82 43 0.40
82 45 0.30
82 47 0.40
82 49 0.20
82 51 1.30
82 53 0.60
82 57 1.30
82 59 3.40
82 61 2.60
82 63 1.10
82 65 18.70
82 67 10.80
82 69 1.60
82 71 1.20
82 73 0.40
82 75 0.90
82 77 0.60
82 79 0.60
82 81 2.70
82 83 0.20
82 85 0.60
82 89 0.90
82 91 0.40
82 93 0.20
82 97 0.10
82 99 0.20
82 101 0.20
82 103 0.60
82 105 0.10
82 107 0.40
82 109 4.10
82 111 1.00
82 113 0.40
82 115 0.40
82 117 0.10
83 0 4.40
83 1 0.50
83 2 1.10
83 3 0.10
83 4 1.30
83 5 0.40
83 6 1.00
83 7 1.00
83 8 0.50
83 9 0.70
83 10 0.70
83 11 0.20
83 12 0.90
83 13 1.00
83 14 0.60
83 15 0.50
83 16 3.10
83 17 0.30
83 19 0.80
83 20 0.20
83 21 0.90
83 23 0.40
83 24 1.00
83 25 0.50
83 26 0.10
83 27 1.70
83 28 3.20
83 29 2.10
83 30 0.50
83 31 0.90
83 32 0.90
83 33 0.20
83 34 0.40
83 35 0.10
83 36 1.20
83 37 0.10
83 39 1.30
83 41 0.60
83 43 1.10
83 45 0.50
83 47 4.40
83 49 0.40
83 51 0.50
83 53 0.50
83 55 0.60
83 57 1.20
83 59 7.60
83 61 0.70
83 65 15.80
83 67 13.40
83 69 1.00
83 71 0.20
83 73 1.10
83 75 1.20
83 77 0.30
83 79 0.10
83 81 0.90
83 83 0.20
83 85 0.70
83 87 0.10
83 89 3.90
83 91 0.50
83 93 0.70
83 95 0.50
83 97 0.10
83 99 0.80
83 101 0.80
83 103 0.30
83 105 0.30
83 107 2.90
83 111 0.50
83 113 0.20
83 115 0.30
83 119 0.30
84 0 0.20
84 1 0.40
84 2 0.70
84 3 0.30
84 4 2.60
84 5 0.80
84 6 0.70
84 7 0.80
84 8 0.40
84 9 8.40
84 10 0.60
84 11 1.60
84 12 0.70
84 13 0.30
84 14 3.00
84 15 0.70
84 16 1.90
84 17 0.50
84 19 0.90
84 20 0.10
84 21 1.40
84 22 0.20
84 23 0.50
84 25 1.60
84 26 0.80
84 27 1.10
84 28 0.70
84 29 0.50
84 30 1.40
84 31 0.40
84 32 0.40
84 33 0.60
84 34 0.60
84 35 0.60
84 36 0.60
84 37 0.40
84 39 0.50
84 41 0.20
84 43 0.50
84 45 1.00
84 47 0.50
84 49 0.10
84 51 0.10
84 53 0.20
84 55 0.80
84 57 0.30
84 59 26.50
84 61 2.40
84 67 2.80
84 69 3.30
84 71 0.60
84 73 1.50
84 75 1.30
84 77 1.00
84 79 4.00
84 81 0.80
84 85 0.50
84 89 0.30
84 91 0.80
84 93 0.50
84 95 0.40
84 97 2.80
84 99 0.30
84 101 0.10
84 105 5.20
84 107 0.70
84 109 0.20
84 111 0.20
84 113 1.00
84 115 0.60
84 119 0.60
85 0 0.40
85 1 0.50
85 2 1.20
85 3 0.10
85 4 1.30
85 5 0.10
85 6 1.10
85 7 0.10
85 8 0.10
85 9 1.20
85 10 3.10
85 11 0.80
85 12 0.30
85 13 0.40
85 14 1.00
85 15 0.30
85 16 0.90
85 17 0.50
85 19 1.00
85 20 1.00
85 21 0.70
85 23 1.50
85 25 1.10
85 27 1.20
85 28 1.10
85 29 0.70
85 30 0.70
85 31 0.10
85 32 0.70
85 33 1.30
85 34 3.20
85 35 0.50
85 36 0.60
85 37 0.40
85 39 8.50
85 41 1.30
85 43 0.40
85 45 1.60
85 47 0.40
85 49 1.70
85 51 0.70
85 53 1.00
85 55 0.40
85 57 0.20
85 61 0.80
85 67 0.60
85 69 1.20
85 71 0.80
85 73 1.20
85 75 0.20
85 77 0.20
85 79 35.60
85 81 0.20
85 83 0.70
85 85 0.40
85 89 0.10
85 91 0.20
85 93 0.80
85 95 4.50
85 97 0.60
85 99 0.30
85 101 0.10
85 103 0.40
85 105 0.20
85 107 0.50
85 109 0.70
85 111 0.30
85 113 0.90
85 115 0.30
85 117 2.30
85 119 0.50
86 0 1.40
86 1 0.20
86 2 0.40
86 3 0.60
86 4 1.20
86 5 0.50
86 6 1.60
86 7 0.60
86 8 0.80
86 9 0.40
86 10 1.40
86 11 0.40
86 12 3.10
86 13 0.40
86 14 0.80
86 15 0.70
86 16 0.60
86 17 1.30
86 19 8.50
86 20 0.10
86 21 0.90
86 23 1.20
86 25 0.70
86 26 0.20
86 27 1.00
86 28 0.60
86 29 0.20
86 30 0.50
86 32 3.50
86 33 0.80
86 34 1.60
86 35 0.20
86 36 0.70
86 37 0.30
86 39 1.60
86 41 0.20
86 43 1.00
86 45 1.20
86 47 0.80
86 49 36.00
86 51 0.70
86 53 1.00
86 55 0.30
86 57 0.40
86 61 0.40
86 67 0.40
86 69 2.30
86 71 1.40
86 73 0.40
86 75 0.30
86 77 0.50
86 81 0.40
86 83 1.20
86 85 2.70
86 87 2.20
86 89 0.50
86 91 0.10
86 93 0.20
86 95 0.20
86 97 0.40
86 99 0.40
86 101 0.30
86 103 0.30
86 105 0.10
86 107 0.20
86 109 0.50
86 111 0.20
86 113 0.40
86 115 2.40
86 117 0.70
86 119 0.30
87 0 1.70
87 1 0.20
87 2 1.00
87 3 1.40
87 4 0.70
87 5 0.70
87 6 0.60
87 7 0.30
87 9 0.60
87 10 1.30
87 12 1.40
87 13 0.20
87 14 0.90
87 15 0.30
87 16 2.30
87 17 1.00
87 19 1.80
87 21 0.60
87 23 4.80
87 25 4.30
87 27 1.20
87 28 3.10
87 29 2.00
87 30 0.40
87 31 0.30
87 32 0.90
87 33 0.30
87 34 0.40
87 35 0.40
87 36 3.10
87 37 0.30
87 39 0.80
87 41 0.40
87 43 1.40
87 45 0.30
87 47 0.40
87 49 2.40
87 51 0.30
87 53 4.10
87 55 0.10
87 57 1.00
87 61 0.90
87 67 3.70
87 69 28.00
87 71 1.60
87 73 0.20
87 75 0.40
87 77 0.70
87 83 0.60
87 85 2.80
87 87 0.70
87 89 0.50
87 91 0.30
87 93 0.60
87 95 0.30
87 97 0.20
87 99 1.90
87 101 1.20
87 103 0.20
87 105 1.00
87 107 0.40
87 109 0.10
87 111 0.10
87 113 0.50
87 115 2.70
87 117 0.40
87 119 0.30
88 0 0.70
88 1 0.30
88 2 0.90
88 3 0.50
88 4 2.30
88 6 0.50
88 7 0.10
88 9 3.20
88 10 0.30
88 11 0.40
88 12 0.90
88 13 0.60
88 14 3.90
88 15 0.90
88 16 1.80
88 17 0.40
88 19 0.70
88 21 2.40
88 23 3.40
88 25 6.00
88 26 0.10
88 27 1.40
88 28 0.50
88 29 1.10
88 30 3.00
88 31 1.50
88 32 0.80
88 33 0.10
88 34 0.50
88 36 0.80
88 37 0.10
88 39 0.60
88 41 0.70
88 43 1.30
88 45 0.20
88 47 0.50
88 51 0.40
88 53 2.80
88 55 30.30
88 57 0.10
88 67 0.10
88 69 1.10
88 71 0.30
88 73 0.50
88 75 1.00
88 77 1.90
88 83 0.20
88 85 0.20
88 87 0.40
88 89 0.40
88 91 0.70
88 93 0.20
88 95 1.00
88 97 0.30
88 99 6.20
88 101 0.90
88 103 4.70
88 105 0.10
88 107 0.40
88 109 1.30
88 111 0.20
88 113 0.40
88 115 0.40
88 117 0.10
89 0 0.30
89 1 0.30
89 2 2.60
89 3 0.40
89 4 1.40
89 5 0.60
89 6 0.40
89 9 1.10
89 10 2.60
89 11 0.60
89 12 0.30
89 13 0.20
89 14 1.00
89 15 3.20
89 16 0.90
89 19 0.50
89 21 4.80
89 23 2.80
89 25 3.10
89 27 0.70
89 28 0.10
89 29 1.20
89 30 1.60
89 31 0.30
89 32 0.70
89 33 0.20
89 34 3.60
89 36 1.20
89 37 1.50
89 39 2.50
89 41 1.60
89 43 0.60
89 45 0.60
89 47 0.40
89 51 0.20
89 53 25.50
89 55 3.70
89 57 0.50
89 67 0.90
89 69 0.10
89 71 0.40
89 73 4.70
89 75 0.30
89 77 1.20
89 81 0.50
89 83 0.30
89 85 0.20
89 87 0.20
89 89 0.10
89 91 1.00
89 93 4.50
89 95 0.10
89 97 0.10
89 99 0.50
89 101 0.30
89 103 0.40
89 105 0.50
89 107 0.20
89 109 4.90
89 111 0.80
89 113 0.30
89 115 0.60
89 117 0.30
89 119 2.80
90 0 0.70
90 1 1.50
90 2 0.90
90 3 0.10
90 4 1.00
90 5 0.10
90 6 3.00
90 7 0.20
90 9 0.60
90 10 1.50
90 11 0.10
90 12 3.60
90 13 0.20
90 14 0.10
90 15 6.40
90 16 0.80
90 17 0.40
90 19 2.80
90 21 1.20
90 23 1.20
90 25 0.90
90 27 4.00
90 28 0.20
90 29 0.40
90 30 0.80
90 31 0.30
90 32 3.10
90 33 0.80
90 34 0.90
90 35 1.50
90 36 0.60
90 37 0.40
90 39 1.30
90 41 1.60
90 43 2.10
90 45 1.00
90 47 1.60
90 51 28.00
90 53 0.50
90 55 0.20
90 57 0.30
90 67 0.40
90 69 0.80
90 71 0.20
90 73 1.00
90 75 1.50
90 77 0.30
90 81 0.50
90 83 0.40
90 85 0.70
90 89 0.50
90 91 0.40
90 93 0.20
90 95 0.40
90 97 0.30
90 99 0.90
90 101 0.30
90 103 0.20
90 105 0.40
90 107 0.20
90 109 1.70
90 111 1.00
90 113 4.70
90 115 0.10
90 117 0.10
90 119 5.90
91 0 3.10
91 1 0.30
91 2 0.80
91 3 0.60
91 4 1.20
91 5 0.80
91 6 1.60
91 7 1.40
91 9 0.40
91 10 0.80
91 11 0.70
91 12 1.00
91 13 0.30
91 14 0.30
91 15 4.20
91 16 3.10
91 17 0.40
91 19 0.90
91 21 2.30
91 23 2.10
91 25 1.40
91 27 1.50
91 28 0.30
91 29 2.60
91 30 0.40
91 31 0.30
91 32 0.80
91 33 0.70
91 34 1.30
91 35 2.20
91 36 2.90
91 37 0.60
91 39 0.80
91 41 0.60
91 43 0.70
91 45 0.10
91 47 1.40
91 51 2.60
91 53 0.10
91 55 1.20
91 57 4.80
91 69 0.20
91 71 0.90
91 73 0.90
91 75 23.90
91 77 0.40
91 81 0.70
91 83 5.00
91 85 0.20
91 87 0.10
91 89 6.60
91 91 0.20
91 93 0.30
91 95 0.50
91 97 0.70
91 99 0.30
91 103 0.70
91 105 1.30
91 107 0.70
91 109 1.00
91 111 0.10
91 113 0.60
91 115 0.20
91 117 0.10
91 119 0.80
92 0 1.10
92 1 0.30
92 2 0.90
92 3 0.50
92 4 3.10
92 5 2.00
92 6 0.70
92 7 0.40
92 9 5.00
92 10 0.90
92 12 1.10
92 13 0.10
92 14 0.50
92 15 1.80
92 16 1.30
92 17 0.10
92 19 0.80
92 21 1.90
92 23 2.10
92 25 2.40
92 27 1.40
92 29 1.80
92 30 2.50
92 31 0.50
92 32 0.90
92 33 0.40
92 34 0.30
92 35 5.50
92 36 1.10
92 39 0.20
92 41 1.30
92 43 1.70
92 45 0.30
92 47 0.80
92 51 1.40
92 53 1.40
92 55 8.10
92 57 8.10
92 67 0.20
92 71 0.50
92 73 14.70
92 75 6.10
92 77 0.50
92 81 0.60
92 83 0.30
92 85 0.20
92 87 0.20
92 89 1.10
92 91 0.50
92 93 0.80
92 95 1.30
92 97 0.70
92 99 0.40
92 101 2.70
92 103 0.40
92 105 0.90
92 107 0.50
92 109 0.80
92 111 0.40
92 113 0.60
92 115 0.30
92 117 0.10
92 119 0.50
93 0 0.40
93 2 2.30
93 3 0.10
93 4 1.00
93 5 2.30
93 6 0.50
93 7 0.60
93 9 0.10
93 10 3.40
93 11 0.30
93 12 0.90
93 13 3.70
93 14 0.80
93 15 2.10
93 16 0.80
93 17 0.20
93 19 0.60
93 21 2.10
93 23 1.40
93 25 1.00
93 27 2.30
93 29 2.10
93 30 1.50
93 31 0.40
93 32 1.00
93 33 0.20
93 34 0.60
93 35 3.70
93 36 1.30
93 37 0.60
93 39 5.20
93 41 1.60
93 43 2.50
93 45 13.90
93 47 0.20
93 51 1.80
93 53 9.40
93 57 1.80
93 67 0.50
93 71 0.30
93 73 11.00
93 75 0.90
93 77 0.40
93 81 0.30
93 83 0.60
93 85 0.50
93 87 0.10
93 89 0.90
93 91 3.10
93 93 0.20
93 95 1.30
93 97 0.20
93 99 0.70
93 101 0.40
93 103 0.10
93 105 0.10
93 107 0.10
93 109 0.50
93 111 0.40
93 113 0.70
93 115 1.00
93 117 0.80
93 119 0.20
94 0 0.90
94 1 0.30
94 2 1.20
94 3 1.20
94 4 0.70
94 5 6.10
94 6 2.40
94 9 0.70
94 10 1.20
94 11 0.90
94 12 0.30
94 13 3.30
94 14 0.40
94 15 2.00
94 16 1.00
94 17 0.30
94 19 5.10
94 21 0.50
94 23 0.40
94 25 1.20
94 27 2.60
94 29 0.70
94 30 0.70
94 31 0.30
94 32 3.50
94 33 0.90
94 34 0.90
94 35 2.90
94 36 0.70
94 37 0.60
94 39 0.50
94 41 1.00
94 43 8.10
94 45 17.00
94 47 0.60
94 51 10.80
94 57 6.30
94 71 0.30
94 73 0.60
94 75 0.30
94 77 0.30
94 81 0.90
94 83 1.10
94 85 0.50
94 87 0.40
94 89 0.30
94 91 0.30
94 93 0.50
94 95 0.30
94 97 0.10
94 99 0.20
94 101 0.30
94 103 0.20
94 107 0.40
94 109 0.20
94 111 2.30
94 115 0.80
94 117 0.80
94 119 0.70
95 0 2.30
95 1 0.80
95 2 0.70
95 3 0.70
95 4 0.60
95 5 1.50
95 6 1.30
95 7 0.40
95 9 0.20
95 10 0.60
95 11 0.20
95 12 0.30
95 13 6.60
95 14 0.60
95 15 1.50
95 16 0.40
95 17 0.30
95 19 0.40
95 21 0.60
95 23 2.80
95 25 1.80
95 27 2.10
95 29 4.20
95 30 1.20
95 31 0.90
95 32 0.80
95 33 2.30
95 34 0.40
95 35 2.10
95 36 3.60
95 39 0.50
95 41 2.00
95 43 9.90
95 45 0.60
95 47 0.80
95 57 11.50
95 71 18.50
95 73 0.20
95 75 1.30
95 77 0.70
95 81 2.30
95 83 0.20
95 85 1.10
95 87 0.70
95 89 0.20
95 91 0.50
95 93 0.40
95 95 0.20
95 97 0.40
95 99 0.40
95 101 0.40
95 103 0.80
95 105 0.30
95 107 0.60
95 109 0.70
95 111 1.40
95 113 0.20
95 115 0.60
95 117 0.40
96 0 1.10
96 1 0.70
96 2 1.80
96 3 1.90
96 4 0.80
96 5 1.70
96 6 0.60
96 7 0.80
96 9 2.60
96 10 0.70
96 11 2.40
96 12 0.90
96 13 1.20
96 15 1.90
96 16 0.30
96 17 0.40
96 19 0.60
96 21 2.40
96 23 2.00
96 25 3.90
96 27 0.70
96 29 0.80
96 30 3.00
96 31 0.10
96 32 0.40
96 33 6.30
96 34 1.40
96 35 3.00
96 36 0.40
96 37 0.30
96 39 0.60
96 41 6.60
96 43 7.40
96 45 0.20
96 47 0.40
96 57 1.60
96 67 2.60
96 71 12.40
96 73 1.00
96 75 11.60
96 77 0.50
96 81 0.20
96 83 0.20
96 85 0.50
96 87 0.80
96 89 1.00
96 91 0.50
96 93 0.30
96 95 0.30
96 97 0.10
96 99 0.20
96 101 0.30
96 103 0.50
96 105 0.50
96 107 2.50
96 111 0.30
96 113 0.30
96 115 0.70
96 117 0.20
96 119 0.60
97 0 0.80
97 1 0.20
97 2 2.90
97 3 3.90
97 4 0.40
97 5 1.30
97 6 1.10
97 9 0.30
97 10 0.80
97 11 4.40
97 12 1.40
97 13 3.20
97 15 2.40
97 16 0.60
97 17 1.20
97 19 0.40
97 21 2.80
97 23 0.70
97 25 1.90
97 27 1.60
97 29 2.60
97 30 1.30
97 31 0.10
97 32 0.60
97 33 2.30
97 34 0.60
97 35 1.70
97 36 0.50
97 37 0.10
97 39 2.70
97 41 15.10
97 43 0.90
97 45 1.00
97 47 0.20
97 57 10.80
97 71 0.20
97 73 13.30
97 77 4.30
97 81 0.60
97 83 0.30
97 85 0.40
97 87 0.20
97 91 0.20
97 93 0.50
97 95 0.40
97 97 2.60
97 99 0.60
97 101 0.30
97 103 0.50
97 105 0.40
97 109 0.60
97 111 0.60
97 113 0.60
97 115 0.30
97 119 0.30
98 0 1.40
98 2 0.60
98 3 3.20
98 4 0.30
98 5 2.90
98 6 3.00
98 7 0.60
98 9 0.40
98 10 0.40
98 11 5.40
98 12 0.90
98 13 2.00
98 15 2.70
98 16 1.80
98 17 2.00
98 19 3.00
98 21 0.60
98 23 1.20
98 25 0.80
98 27 2.70
98 29 0.50
98 30 0.50
98 31 1.80
98 32 0.70
98 33 1.20
98 34 0.20
98 35 2.30
98 36 1.20
98 37 0.30
98 39 0.30
98 41 4.00
98 43 0.30
98 45 13.30
98 47 0.70
98 71 0.70
98 77 26.00
98 81 0.50
98 83 0.30
98 85 0.30
98 87 0.10
98 89 0.90
98 91 0.10
98 93 0.10
98 95 0.30
98 97 0.20
98 99 0.60
98 101 0.50
98 103 0.50
98 105 0.10
98 107 0.30
98 109 0.30
98 111 0.30
98 113 0.60
98 115 0.90
98 117 2.70
98 119 0.50
99 0 2.90
99 1 0.70
99 2 0.70
99 3 2.30
99 4 1.80
99 5 2.90
99 6 1.20
99 7 0.20
99 9 0.30
99 10 0.20
99 11 0.80
99 13 2.90
99 15 3.60
99 16 1.00
99 17 4.60
99 19 0.20
99 21 0.60
99 23 1.90
99 25 1.40
99 27 1.40
99 29 2.30
99 30 1.00
99 31 4.10
99 32 0.90
99 33 0.80
99 34 0.10
99 35 1.60
99 36 0.60
99 37 0.80
99 39 0.20
99 41 1.20
99 43 0.80
99 47 28.50
99 71 14.40
99 77 0.20
99 81 0.40
99 83 0.70
99 85 1.10
99 87 2.60
99 89 0.20
99 91 0.40
99 93 0.60
99 95 0.40
99 97 0.20
99 99 0.80
99 101 0.40
99 103 0.20
99 105 0.80
99 107 0.40
99 109 0.50
99 111 0.50
99 115 0.20
99 117 0.10
99 119 0.40
100 0 0.80
100 1 3.00
100 2 0.90
100 3 1.40
100 4 1.00
100 5 2.90
100 6 0.90
100 7 0.10
100 9 5.00
100 10 1.70
100 11 2.00
100 12 0.30
100 13 0.80
100 15 0.40
100 16 0.20
100 17 2.90
100 19 0.10
100 21 1.80
100 23 1.80
100 25 1.10
100 27 1.80
100 29 2.10
100 30 0.50
100 31 5.50
100 32 0.60
100 33 2.00
100 34 0.10
100 35 3.80
100 36 0.80
100 39 0.20
100 41 0.20
100 43 13.50
100 47 0.90
100 77 1.80
100 81 0.70
100 83 0.20
100 85 0.30
100 87 0.20
100 89 0.40
100 91 0.40
100 93 0.20
100 95 0.50
100 97 0.60
100 99 22.00
100 101 1.00
100 103 0.50
100 105 0.70
100 107 0.50
100 109 0.40
100 111 0.40
100 113 0.50
100 117 0.30
100 119 7.30
101 0 0.70
101 1 5.20
101 2 0.40
101 3 1.10
101 4 0.30
101 5 2.10
101 6 0.20
101 7 0.50
101 10 1.10
101 11 3.00
101 12 0.10
101 13 3.60
101 15 1.30
101 16 0.10
101 17 3.70
101 19 0.20
101 21 1.70
101 23 1.00
101 25 1.70
101 27 0.80
101 29 2.90
101 30 0.60
101 31 1.60
101 32 1.20
101 33 1.30
101 35 2.40
101 36 0.60
101 37 2.80
101 39 5.30
101 41 1.00
101 43 1.00
101 47 0.50
101 77 13.80
101 81 0.40
101 83 0.20
101 85 0.40
101 87 0.20
101 89 0.20
101 91 0.20
101 93 0.60
101 95 0.10
101 97 0.20
101 99 6.40
101 101 0.60
101 103 0.40
101 105 0.60
101 107 0.30
101 109 0.80
101 111 0.60
101 113 0.30
101 115 0.90
101 117 0.30
101 119 22.50
102 0 0.80
102 1 2.60
102 2 0.70
102 3 1.50
102 4 0.40
102 5 3.70
102 6 1.00
102 7 1.00
102 10 0.40
102 11 2.60
102 13 2.30
102 15 2.00
102 16 0.40
102 17 2.50
102 19 5.60
102 21 0.90
102 23 0.40
102 25 0.40
102 27 1.40
102 29 1.40
102 30 0.80
102 31 1.30
102 32 1.30
102 33 1.70
102 35 1.00
102 36 1.30
102 37 8.60
102 41 15.30
102 47 1.10
102 81 1.00
102 85 0.60
102 87 0.10
102 89 0.60
102 91 0.40
102 93 0.40
102 95 0.70
102 97 0.20
102 101 0.10
102 105 0.60
102 107 0.20
102 109 29.00
102 111 0.40
102 113 0.70
102 115 0.40
102 117 0.20
103 0 0.60
103 1 2.00
103 2 0.90
103 3 2.20
103 4 0.10
103 5 1.80
103 6 0.60
103 7 9.70
103 10 0.30
103 11 1.50
103 12 0.10
103 13 3.40
103 15 1.70
103 17 3.20
103 21 0.80
103 23 3.00
103 25 2.00
103 27 1.30
103 29 3.30
103 30 1.30
103 31 0.90
103 32 0.40
103 33 2.40
103 35 1.70
103 36 0.90
103 37 1.90
103 39 0.10
103 47 15.90
103 81 0.40
103 83 0.80
103 85 0.90
103 87 0.10
103 89 30.10
103 91 0.40
103 93 0.10
103 95 0.50
103 97 0.30
103 101 0.50
103 103 0.30
103 105 0.40
103 107 0.40
103 111 0.10
103 115 0.50
103 117 0.20
104 0 0.40
104 1 1.70
104 2 1.10
104 3 1.90
104 5 2.20
104 6 0.10
104 7 1.60
104 10 0.10
104 11 2.50
104 13 0.90
104 15 0.80
104 17 2.80
104 21 3.10
104 23 2.00
104 25 2.50
104 27 1.10
104 29 2.30
104 30 1.10
104 31 2.30
104 32 0.20
104 33 4.00
104 35 3.30
104 36 0.40
104 37 0.50
104 81 0.30
104 83 0.20
104 85 0.10
104 87 0.20
104 91 0.20
104 93 0.60
104 95 0.40
104 97 0.70
104 101 0.20
104 103 0.70
104 105 56.50
104 107 0.40
104 111 0.20
104 113 0.20
104 115 0.10
104 117 0.10
105 0 0.40
105 1 1.40
105 2 1.30
105 3 3.40
105 4 0.30
105 5 1.30
105 6 1.20
105 7 1.60
105 11 4.20
105 13 2.20
105 15 1.90
105 16 0.10
105 17 2.60
105 21 2.10
105 23 0.60
105 25 2.10
105 27 0.90
105 29 2.50
105 30 0.20
105 31 1.40
105 32 0.50
105 33 1.10
105 35 1.00
105 36 0.20
105 37 1.20
105 81 0.10
105 83 0.40
105 85 6.80
105 87 0.50
105 91 0.80
105 93 0.50
105 95 51.50
105 97 0.70
105 101 0.20
105 103 0.70
105 107 0.70
105 111 0.30
105 113 0.50
105 115 0.20
105 117 0.40
106 0 1.20
106 1 1.10
106 2 0.10
106 3 1.70
106 5 2.40
106 6 1.50
106 7 0.40
106 10 0.30
106 11 4.40
106 13 1.80
106 15 2.90
106 17 2.10
106 21 0.10
106 23 0.10
106 25 0.30
106 27 3.40
106 29 1.10
106 30 0.30
106 31 2.20
106 32 0.30
106 33 2.90
106 35 1.50
106 36 0.60
106 37 3.50
106 81 0.10
106 83 0.40
106 85 24.10
106 87 0.30
106 91 0.20
106 93 0.50
106 95 6.60
106 97 0.40
106 101 0.10
106 103 0.50
106 107 0.20
106 111 0.10
106 113 0.60
106 115 29.10
106 117 0.60
107 0 1.40
107 1 2.20
107 2 0.40
107 3 2.80
107 4 0.10
107 5 1.80
107 6 0.90
107 7 3.00
107 10 0.10
107 11 0.50
107 13 2.20
107 15 4.00
107 17 3.10
107 21 0.80
107 27 1.30
107 29 2.20
107 30 0.70
107 31 2.90
107 33 2.60
107 35 1.30
107 36 0.40
107 37 1.60
107 81 0.30
107 83 0.40
107 85 29.30
107 87 0.70
107 91 0.10
107 93 0.20
107 97 0.20
107 101 0.30
107 103 0.10
107 107 0.40
107 111 0.40
107 113 0.60
107 115 30.60
107 117 0.10
108 0 0.90
108 1 2.50
108 2 0.70
108 3 1.60
108 5 1.90
108 6 0.30
108 7 1.80
108 10 0.10
108 11 0.70
108 13 0.70
108 17 1.70
108 21 0.70
108 23 0.50
108 27 1.00
108 29 2.40
108 30 0.20
108 31 3.70
108 32 0.40
108 33 3.40
108 35 6.60
108 36 0.50
108 37 0.80
108 81 0.10
108 83 0.50
108 87 0.10
108 91 0.60
108 93 0.20
108 97 0.30
108 101 0.60
108 103 63.10
108 107 0.60
108 111 0.20
108 113 0.40
108 117 0.20
109 0 0.60
109 1 3.20
109 3 3.50
109 5 1.80
109 6 0.50
109 7 1.00
109 11 2.40
109 13 5.10
109 17 2.90
109 21 0.60
109 27 0.20
109 29 2.30
109 30 0.30
109 31 1.10
109 32 0.50
109 33 1.50
109 35 1.00
109 36 0.40
109 37 2.20
109 81 0.10
109 83 0.50
109 87 0.20
109 91 0.90
109 93 64.90
109 97 0.30
109 101 0.30
109 107 0.10
109 111 0.70
109 113 0.20
109 117 0.70
110 0 0.30
110 1 2.60
110 2 0.50
110 3 2.10
110 5 6.90
110 6 0.30
110 7 1.10
110 11 2.90
110 13 1.50
110 17 1.10
110 21 0.10
110 27 0.80
110 29 1.20
110 30 0.50
110 31 2.70
110 33 1.50
110 36 0.40
110 37 5.00
110 81 0.20
110 83 1.30
110 87 0.20
110 91 0.30
110 97 0.30
110 101 0.50
110 107 0.10
110 111 0.40
110 113 64.90
110 117 0.30
111 1 1.60
111 2 0.50
111 3 1.90
111 5 0.10
111 6 0.20
111 7 6.40
111 11 0.90
111 13 2.80
111 17 2.00
111 27 0.90
111 29 5.00
111 30 0.70
111 31 2.30
111 33 2.20
111 36 0.30
111 37 2.90
111 81 1.20
111 83 65.40
111 87 0.40
111 91 0.20
111 97 0.40
111 101 0.30
111 107 0.10
111 111 0.20
111 113 1.00
111 117 0.10
112 0 0.50
112 1 2.10
112 2 0.60
112 3 1.90
112 6 0.70
112 7 1.60
112 11 5.40
112 17 2.00
112 21 0.60
112 27 0.60
112 30 0.40
112 31 2.30
112 32 0.10
112 33 4.80
112 36 0.20
112 37 0.60
112 81 0.20
112 87 0.20
112 91 3.30
112 97 0.50
112 101 70.20
112 107 0.20
112 111 1.00
113 0 0.80
113 1 2.50
113 2 0.30
113 3 4.30
113 6 0.50
113 7 1.40
113 11 2.00
113 17 4.40
113 27 0.70
113 31 1.30
113 33 2.90
113 36 0.10
113 37 1.90
113 81 0.30
113 87 0.30
113 91 71.80
113 97 0.50
113 101 3.20
113 107 0.40
113 111 0.20
113 117 0.20
114 0 0.40
114 1 1.60
114 2 0.10
114 3 1.80
114 6 0.50
114 7 1.20
114 11 3.20
114 17 2.60
114 27 0.10
114 30 0.40
114 31 2.70
114 33 3.40
114 36 0.10
114 37 3.80
114 81 21.90
114 87 0.30
114 107 0.10
114 111 54.70
114 117 1.10
115 0 0.40
115 1 1.40
115 2 0.50
115 3 6.50
115 6 0.20
115 7 4.20
115 17 2.30
115 27 0.10
115 31 3.80
115 37 2.20
115 81 55.10
115 87 0.30
115 97 0.30
115 107 0.50
115 111 21.60
115 117 0.60
116 0 0.20
116 1 2.90
116 6 0.60
116 7 1.20
116 17 1.30
116 27 0.50
116 30 0.10
116 31 9.10
116 37 1.40
116 81 0.50
116 87 0.30
116 97 0.30
116 107 78.40
116 117 3.20
117 0 0.70
117 1 4.40
117 2 0.10
117 7 1.60
117 17 2.00
117 37 8.10
117 87 1.20
117 97 78.80
117 107 1.40
117 117 1.70
118 0 0.10
118 1 9.30
118 6 0.70
118 7 1.20
118 37 4.40
118 87 0.90
118 97 3.60
118 107 0.40
118 117 79.40
119 0 1.00
119 7 14.20
119 37 0.30
119 87 83.50
119 107 1.00
