0 47.000000 48.000000 56.000000 57.000000 73.000000 57.991000 7.603481
1 38.000000 38.000000 41.000000 41.000000 43.000000 40.598000 1.380723
2 55.000000 56.000000 65.000000 69.000000 85.000000 67.686000 9.484693
3 46.000000 46.000000 46.000000 47.000000 52.000000 46.956000 1.241799
4 69.000000 69.000000 82.000000 84.000000 96.000000 82.554000 10.434610
5 52.000000 52.000000 55.000000 55.000000 62.000000 55.451000 2.513483
6 50.000000 51.000000 59.000000 60.000000 77.000000 61.295000 7.980099
7 40.000000 40.000000 43.000000 43.000000 46.000000 42.733000 1.479091
8 92.000000 93.000000 114.000000 114.000000 117.000000 110.735000 7.489778
9 81.000000 83.000000 88.000000 88.000000 93.000000 88.425000 3.251211
10 22.000000 26.000000 35.000000 36.000000 45.000000 35.571000 4.737611
11 25.000000 25.000000 28.000000 28.000000 30.000000 27.818000 1.377271
12 31.000000 32.000000 43.000000 44.000000 50.000000 42.460000 5.288516
13 30.000000 30.000000 32.000000 32.000000 33.000000 31.564000 0.791141
14 40.000000 42.000000 50.000000 51.000000 69.000000 52.504000 6.863234
15 35.000000 35.000000 37.000000 37.000000 39.000000 36.756000 1.029788
16 27.000000 29.000000 39.000000 39.000000 47.000000 38.355000 5.029013
17 27.000000 28.000000 30.000000 30.000000 31.000000 29.607000 1.025939
18 65.000000 65.000000 76.000000 78.000000 92.000000 76.691000 9.787621
19 55.000000 56.000000 59.000000 59.000000 66.000000 59.258000 2.525359
20 4.000000 4.000000 5.000000 5.000000 10.000000 5.536000 1.638507
21 18.000000 18.000000 22.000000 23.000000 24.000000 21.614000 2.023612
22 0.000000 0.000000 0.000000 1.000000 4.000000 0.859000 1.129212
23 13.000000 13.000000 18.000000 18.000000 21.000000 17.691000 2.461203
24 1.000000 1.000000 2.000000 2.000000 5.000000 1.958000 1.168005
25 12.000000 12.000000 13.000000 13.000000 15.000000 13.139000 1.143538
26 2.000000 2.000000 3.000000 3.000000 8.000000 3.991000 1.597786
27 17.000000 17.000000 21.000000 21.000000 23.000000 20.530000 1.796413
28 9.000000 9.000000 11.000000 11.000000 17.000000 12.189000 2.442392
29 0.000000 1.000000 5.000000 5.000000 11.000000 5.450000 3.486474
30 38.000000 40.000000 49.000000 50.000000 65.000000 50.554000 6.524345
31 34.000000 34.000000 36.000000 36.000000 40.000000 36.326000 1.696386
32 49.000000 50.000000 58.000000 58.000000 76.000000 60.213000 7.975815
33 42.000000 42.000000 43.000000 44.000000 45.000000 43.642000 0.872832
34 63.000000 63.500000 74.000000 74.000000 91.000000 74.332000 9.518286
35 48.000000 48.000000 51.000000 51.000000 56.000000 50.992000 2.190419
36 42.000000 43.000000 51.000000 53.000000 71.000000 54.085000 7.238769
37 36.000000 37.000000 39.000000 39.000000 41.000000 38.613000 1.449562
38 85.000000 86.000000 109.000000 109.000000 110.000000 102.477000 8.652715
39 74.000000 75.000000 80.000000 80.000000 88.000000 80.484000 3.983183
40 83.000000 83.000000 119.000000 119.000000 119.000000 111.282000 11.747446
41 90.000000 91.000000 104.000000 106.000000 115.000000 104.167000 8.033001
42 79.000000 79.000000 116.000000 116.000000 117.000000 106.895000 13.503258
43 86.000000 86.000000 98.000000 99.000000 110.000000 98.158000 8.557280
44 72.000000 73.000000 109.000000 111.000000 113.000000 99.455000 14.837182
45 78.000000 79.000000 87.000000 90.000000 104.000000 89.199000 9.258801
46 81.000000 82.000000 118.000000 118.000000 118.000000 109.940000 12.085711
47 89.000000 89.000000 103.000000 104.000000 114.000000 103.050000 8.088603
48 21.000000 21.000000 45.000000 45.000000 61.000000 42.502000 10.032946
49 26.000000 26.000000 32.000000 32.000000 54.000000 34.465000 7.254707
50 61.000000 64.000000 93.000000 97.000000 104.000000 87.699000 15.741232
51 64.000000 65.000000 73.000000 74.000000 98.000000 77.644000 10.487005
52 57.000000 58.000000 83.000000 88.000000 101.000000 82.536000 16.086041
53 58.000000 60.000000 67.000000 68.000000 95.000000 71.340000 11.092177
54 48.000000 52.000000 75.000000 76.000000 96.000000 74.664000 15.170336
55 53.000000 53.000000 61.000000 61.000000 93.000000 64.472000 11.446974
56 60.000000 62.000000 92.000000 92.000000 103.000000 85.976000 15.886895
57 63.000000 64.000000 72.000000 73.000000 97.000000 76.287000 10.561280
58 16.000000 16.000000 33.000000 33.000000 46.000000 31.318000 8.036347
59 18.000000 19.000000 27.000000 27.000000 41.000000 27.359000 5.357623
60 6.000000 6.000000 11.000000 13.000000 24.000000 13.458000 5.701775
61 1.000000 1.000000 13.000000 13.000000 23.000000 11.424000 6.517992
62 2.000000 3.000000 7.000000 8.000000 20.000000 10.354000 5.544789
63 3.000000 3.000000 15.000000 15.000000 26.000000 13.345000 6.362702
64 1.000000 1.000000 6.000000 6.000000 17.000000 7.202000 4.984094
65 7.000000 7.000000 16.000000 16.000000 29.000000 15.929000 6.208539
66 5.000000 5.000000 10.000000 12.000000 22.000000 12.244000 5.647164
67 0.000000 0.000000 12.000000 12.000000 24.000000 10.432000 6.645854
68 0.000000 0.000000 2.000000 2.000000 13.000000 3.649000 3.975399
69 32.000000 32.000000 34.000000 37.500000 66.000000 39.973000 8.906081
70 75.000000 77.500000 113.000000 115.000000 116.000000 104.200000 14.195985
71 84.000000 85.000000 96.000000 97.000000 109.000000 96.522000 8.656646
72 71.000000 71.000000 106.000000 109.000000 112.000000 97.944000 14.960042
73 79.000000 80.000000 88.000000 91.000000 105.000000 90.238000 9.256963
74 67.000000 68.000000 98.000000 99.000000 108.000000 91.668000 15.233837
75 71.000000 72.000000 78.000000 79.000000 100.000000 83.052000 9.850446
76 74.000000 76.000000 111.000000 113.000000 115.000000 102.742000 14.344387
77 83.000000 84.000000 95.000000 96.000000 108.000000 95.406000 8.700871
78 18.000000 20.000000 38.000000 39.000000 52.000000 36.855000 9.374645
79 25.000000 25.000000 29.000000 30.000000 51.000000 31.197000 6.142979
80 90.000000 91.000000 111.000000 111.000000 115.000000 107.263000 7.519430
81 74.000000 75.000000 104.500000 109.000000 117.000000 101.672000 15.743012
82 83.000000 83.000000 103.000000 105.000000 106.000000 98.516000 8.196325
83 66.000000 66.500000 86.000000 93.000000 113.000000 90.349000 16.736941
84 75.000000 76.000000 94.000000 96.000000 101.000000 90.725000 9.561243
85 57.000000 57.000000 72.000000 75.000000 104.000000 77.596000 16.108718
86 91.000000 92.000000 110.000000 110.000000 114.000000 106.744000 6.667568
87 74.000000 75.000000 112.000000 116.000000 119.000000 104.793000 15.828523
88 15.000000 15.000000 26.000000 27.000000 31.000000 24.623000 5.271136
89 12.000000 13.000000 23.000000 25.000000 37.000000 23.649000 6.392636
90 74.000000 74.000000 91.000000 91.000000 99.000000 88.420000 9.641660
91 55.000000 55.000000 79.000000 82.000000 114.000000 84.103000 21.806430
92 69.000000 69.000000 81.000000 82.000000 94.000000 80.862000 9.828579
93 49.000000 49.000000 66.000000 66.000000 104.000000 71.021000 18.469882
94 62.000000 62.000000 70.000000 73.000000 88.000000 71.824000 8.908256
95 40.000000 40.000000 55.000000 56.500000 95.000000 59.961000 16.078790
96 73.000000 73.000000 90.000000 90.000000 98.000000 87.183000 9.622552
97 53.000000 55.000000 85.000000 94.000000 116.000000 88.747000 22.939551
98 12.000000 13.000000 24.000000 24.000000 27.000000 20.823000 5.388105
99 6.000000 6.000000 17.000000 17.000000 32.000000 17.534000 6.941242
100 57.000000 57.500000 64.000000 67.500000 82.000000 67.254000 8.390440
101 41.000000 41.500000 62.000000 65.000000 110.000000 69.715000 22.789510
102 53.000000 53.000000 60.000000 62.000000 78.000000 62.932000 7.814434
103 35.000000 36.000000 52.000000 54.000000 98.000000 58.461000 18.319784
104 44.000000 46.000000 53.000000 54.000000 70.000000 55.077000 6.538277
105 34.000000 34.000000 47.000000 47.000000 89.000000 50.395000 15.297940
106 58.000000 59.000000 63.000000 66.000000 81.000000 67.205000 7.463041
107 40.000000 43.000000 69.000000 72.000000 114.000000 75.947000 25.558407
108 7.000000 7.000000 10.000000 10.000000 15.000000 10.454000 2.156823
109 9.000000 10.000000 19.000000 19.000000 33.000000 19.817000 6.745184
110 86.000000 87.500000 107.000000 107.000000 108.000000 101.962000 7.485490
111 68.000000 70.000000 99.000000 100.000000 116.000000 96.727000 17.805518
112 80.000000 80.000000 100.000000 100.000000 104.000000 94.948000 9.023375
113 60.000000 61.000000 80.000000 83.000000 111.000000 84.905000 17.333724
114 71.000000 71.000000 84.000000 87.000000 97.000000 84.941000 9.997876
115 51.000000 52.000000 67.000000 69.000000 100.000000 71.907000 16.161446
116 87.000000 89.000000 106.000000 106.000000 107.000000 101.464000 6.660083
117 67.000000 71.000000 105.000000 111.000000 118.000000 100.385000 18.190513
118 13.000000 14.000000 25.000000 25.000000 28.000000 22.209000 5.290682
119 11.000000 11.000000 20.000000 20.000000 34.000000 20.962000 6.745113
