0 4 22.07
0 14 0.13
0 30 68.59
0 31 9.18
0 34 0.03
1 4 0.21
1 9 0.94
1 14 0.15
1 19 20.49
1 29 0.17
1 30 8.44
1 31 14.88
1 32 0.75
1 33 53.68
1 34 0.29
2 4 0.19
2 9 20.62
2 14 0.03
2 19 0.99
2 29 0.48
2 30 0.75
2 31 53.74
2 32 6.79
2 33 16.31
2 34 0.10
3 4 0.28
3 9 0.04
3 11 8.32
3 12 6.63
3 14 4.92
3 19 0.42
3 29 1.85
3 30 1.42
3 31 0.51
3 32 69.74
3 33 5.80
3 34 0.07
4 4 1.47
4 9 0.09
4 10 2.39
4 11 5.53
4 12 10.91
4 14 1.14
4 19 0.36
4 29 46.69
4 30 0.58
4 31 0.74
4 32 0.47
4 33 1.80
4 34 0.65
4 39 0.59
4 49 26.59
5 4 0.64
5 7 3.90
5 9 0.43
5 10 8.39
5 11 2.41
5 12 2.36
5 14 2.64
5 19 1.49
5 24 0.13
5 26 0.01
5 29 7.74
5 30 0.48
5 31 0.88
5 32 0.27
5 33 0.70
5 34 0.25
5 39 35.71
5 49 12.25
5 54 19.32
6 4 0.38
6 7 9.71
6 9 1.43
6 10 0.06
6 11 1.44
6 12 0.06
6 13 5.35
6 14 0.01
6 17 2.82
6 19 0.51
6 24 29.93
6 26 0.05
6 29 0.98
6 30 0.67
6 31 0.39
6 32 1.37
6 33 0.42
6 34 0.56
6 39 4.85
6 49 5.58
6 54 14.87
6 59 18.56
7 2 2.65
7 4 0.31
7 7 4.70
7 9 0.52
7 10 2.46
7 11 1.45
7 12 0.24
7 13 1.68
7 14 3.08
7 17 3.80
7 19 0.45
7 24 3.77
7 26 0.48
7 29 14.07
7 30 0.84
7 31 0.42
7 32 0.19
7 33 1.26
7 34 22.99
7 39 0.51
7 44 6.05
7 49 5.77
7 54 7.04
7 59 15.27
8 2 3.27
8 4 0.65
8 7 0.10
8 9 0.40
8 10 1.76
8 11 3.28
8 12 0.49
8 13 1.13
8 14 2.72
8 17 7.25
8 19 0.25
8 24 0.36
8 26 0.50
8 27 13.21
8 29 6.24
8 30 0.61
8 31 0.34
8 32 0.52
8 33 0.99
8 34 2.14
8 39 10.47
8 44 18.37
8 49 11.10
8 54 6.72
8 59 7.13
9 2 3.90
9 4 0.27
9 6 4.32
9 7 0.07
9 9 0.25
9 10 2.50
9 11 0.36
9 12 1.18
9 13 1.22
9 14 2.87
9 17 3.81
9 19 0.74
9 24 6.81
9 26 11.70
9 27 1.27
9 29 0.40
9 30 0.14
9 31 0.92
9 32 0.53
9 33 0.65
9 34 0.08
9 36 0.42
9 39 24.90
9 44 10.20
9 49 1.35
9 54 9.30
9 59 9.84
10 1 1.41
10 2 7.52
10 4 0.29
10 6 4.40
10 7 0.50
10 9 0.60
10 10 1.26
10 11 0.34
10 12 0.51
10 13 2.43
10 14 0.08
10 16 1.82
10 17 0.05
10 19 0.23
10 21 0.15
10 24 34.94
10 25 11.42
10 26 0.52
10 27 0.03
10 29 0.40
10 30 0.20
10 31 0.51
10 32 0.85
10 33 0.36
10 34 3.91
10 36 0.09
10 37 0.17
10 39 0.48
10 44 9.44
10 49 1.26
10 54 3.31
10 59 10.52
11 1 1.75
11 2 0.11
11 4 1.12
11 6 8.47
11 7 1.05
11 9 0.30
11 10 0.45
11 11 0.31
11 12 0.60
11 13 2.29
11 14 0.40
11 16 4.87
11 17 0.25
11 19 0.25
11 21 0.04
11 24 0.58
11 25 0.83
11 26 0.06
11 27 1.50
11 28 2.98
11 29 1.15
11 30 0.14
11 31 0.24
11 32 0.61
11 33 0.12
11 34 42.96
11 36 0.12
11 37 8.05
11 39 0.73
11 44 14.09
11 49 0.87
11 54 1.54
11 59 1.17
12 1 3.17
12 2 0.05
12 4 5.02
12 5 0.06
12 6 0.17
12 7 0.60
12 9 0.31
12 10 3.46
12 11 0.41
12 12 0.43
12 13 0.71
12 14 0.35
12 16 9.71
12 17 0.86
12 19 0.82
12 20 0.05
12 21 0.18
12 24 0.71
12 25 0.20
12 26 1.37
12 27 50.74
12 28 4.45
12 29 0.88
12 30 0.67
12 31 0.11
12 32 0.22
12 33 0.16
12 34 0.90
12 36 3.86
12 37 3.09
12 39 0.53
12 44 1.78
12 49 0.79
12 52 0.91
12 54 1.26
12 59 1.01
13 1 7.10
13 2 0.30
13 4 1.05
13 5 6.92
13 6 0.28
13 7 0.27
13 9 0.80
13 10 0.50
13 11 0.27
13 12 0.14
13 13 2.50
13 14 0.64
13 16 0.13
13 17 0.66
13 19 4.91
13 20 0.14
13 21 0.24
13 22 3.55
13 24 0.73
13 25 1.14
13 26 47.92
13 27 1.97
13 28 0.53
13 29 0.27
13 30 0.15
13 31 0.36
13 32 0.24
13 33 0.49
13 34 0.58
13 36 6.32
13 37 0.35
13 39 1.22
13 44 1.51
13 49 1.08
13 52 3.02
13 54 0.94
13 59 0.78
14 1 2.79
14 2 0.78
14 4 0.93
14 5 9.19
14 6 0.45
14 7 0.74
14 9 4.80
14 10 0.38
14 11 0.59
14 12 0.15
14 13 1.08
14 14 0.38
14 15 3.28
14 16 0.04
14 17 0.36
14 19 1.15
14 20 0.13
14 21 2.31
14 22 7.23
14 24 0.59
14 25 38.50
14 26 4.89
14 27 0.45
14 28 8.83
14 29 0.29
14 30 0.27
14 31 0.54
14 32 0.14
14 33 0.39
14 34 1.19
14 36 0.34
14 37 0.23
14 39 0.45
14 44 1.04
14 49 0.71
14 52 2.76
14 54 0.83
14 59 0.80
15 0 2.53
15 1 0.09
15 2 0.72
15 4 0.09
15 5 0.05
15 6 0.60
15 7 0.29
15 8 4.11
15 9 1.09
15 10 2.13
15 11 2.95
15 12 0.29
15 13 1.14
15 14 0.61
15 15 8.26
15 16 0.30
15 17 0.35
15 19 0.81
15 20 0.16
15 21 2.99
15 22 0.31
15 24 0.44
15 25 7.53
15 26 0.52
15 27 1.80
15 28 45.71
15 29 0.18
15 30 0.36
15 31 0.10
15 32 0.64
15 33 0.24
15 34 0.35
15 35 6.69
15 36 0.08
15 37 0.99
15 39 0.47
15 44 0.55
15 47 0.44
15 49 0.92
15 52 0.08
15 54 1.29
15 59 0.75
16 0 4.65
16 1 0.11
16 2 0.34
16 4 1.00
16 5 0.42
16 6 0.50
16 7 0.20
16 8 4.33
16 9 0.88
16 10 3.33
16 11 2.20
16 12 0.59
16 13 3.00
16 14 0.61
16 15 3.95
16 16 0.72
16 17 0.43
16 19 0.09
16 20 1.52
16 21 4.24
16 22 0.06
16 24 0.59
16 25 6.82
16 26 1.66
16 27 0.20
16 28 1.98
16 29 0.53
16 30 0.23
16 31 0.39
16 32 0.17
16 33 0.52
16 34 0.53
16 35 3.83
16 36 0.74
16 37 42.10
16 39 0.18
16 44 1.33
16 47 0.05
16 49 0.42
16 52 2.71
16 54 0.48
16 59 1.37
17 0 7.54
17 1 0.48
17 2 0.48
17 3 0.06
17 4 1.19
17 5 0.52
17 6 0.32
17 7 0.16
17 8 7.11
17 9 0.07
17 10 1.14
17 11 0.98
17 12 1.99
17 13 2.42
17 14 0.18
17 15 0.04
17 16 0.53
17 17 0.37
17 18 0.36
17 19 0.79
17 20 5.47
17 21 0.35
17 22 0.73
17 24 0.91
17 25 2.24
17 26 0.33
17 27 0.92
17 28 2.47
17 29 0.19
17 30 0.36
17 31 0.18
17 32 0.26
17 33 0.46
17 34 0.43
17 35 0.03
17 36 38.64
17 37 8.04
17 38 2.29
17 39 0.80
17 44 0.89
17 47 1.86
17 49 0.45
17 52 3.43
17 54 1.03
17 59 0.51
18 0 0.44
18 1 0.60
18 2 0.52
18 3 2.02
18 4 0.37
18 5 0.57
18 6 0.50
18 7 0.40
18 8 0.37
18 9 0.78
18 10 0.47
18 11 0.51
18 12 2.51
18 13 2.94
18 14 0.09
18 15 0.02
18 16 0.29
18 17 0.20
18 18 12.47
18 19 1.00
18 20 2.20
18 21 0.15
18 22 40.62
18 24 0.73
18 25 0.35
18 26 0.66
18 27 0.52
18 28 1.66
18 29 0.32
18 30 0.12
18 31 0.41
18 32 0.32
18 33 0.18
18 34 1.17
18 35 0.71
18 36 5.45
18 37 2.66
18 38 7.77
18 39 0.20
18 44 1.17
18 47 3.47
18 49 0.45
18 51 0.40
18 52 0.30
18 54 0.18
18 59 0.76
19 0 0.06
19 1 0.51
19 2 0.14
19 3 12.61
19 4 0.78
19 5 0.34
19 6 0.51
19 7 2.74
19 8 0.70
19 9 0.95
19 10 0.67
19 11 0.34
19 12 0.79
19 13 1.00
19 14 0.13
19 15 0.34
19 16 0.39
19 17 0.28
19 18 2.11
19 19 0.49
19 20 0.23
19 21 0.70
19 22 9.45
19 23 9.06
19 24 0.28
19 25 0.67
19 26 0.92
19 27 2.52
19 28 0.33
19 29 0.39
19 30 0.26
19 31 0.23
19 32 0.32
19 33 0.21
19 34 1.08
19 35 36.24
19 36 2.54
19 37 2.11
19 38 0.08
19 39 0.23
19 44 0.58
19 47 0.05
19 49 0.82
19 51 1.41
19 52 2.44
19 54 0.61
19 59 0.36
20 0 0.11
20 1 0.37
20 2 0.12
20 3 0.04
20 4 0.72
20 5 0.29
20 6 0.29
20 7 0.87
20 8 0.46
20 9 0.41
20 10 0.84
20 11 0.91
20 12 0.69
20 13 0.47
20 14 0.22
20 15 0.82
20 16 0.63
20 17 2.34
20 18 0.12
20 19 0.82
20 20 0.13
20 21 23.12
20 22 2.48
20 23 0.41
20 24 0.26
20 25 0.81
20 26 2.65
20 27 1.42
20 28 0.64
20 29 0.30
20 30 7.64
20 31 7.12
20 32 0.30
20 33 0.30
20 34 0.44
20 35 6.44
20 36 5.78
20 37 0.36
20 38 13.52
20 39 0.39
20 44 0.42
20 47 2.78
20 49 8.08
20 51 0.01
20 52 0.41
20 54 0.55
20 57 0.12
20 59 1.58
21 0 0.53
21 1 0.61
21 2 0.29
21 3 0.10
21 4 0.36
21 5 0.31
21 6 1.67
21 7 0.67
21 8 0.32
21 9 0.76
21 10 0.56
21 11 0.47
21 12 0.25
21 13 0.56
21 14 0.77
21 15 0.38
21 16 0.21
21 17 0.72
21 18 0.44
21 19 0.82
21 20 0.74
21 21 13.01
21 22 2.00
21 23 0.04
21 24 0.57
21 25 2.91
21 26 1.61
21 27 0.46
21 28 0.75
21 29 0.51
21 30 5.81
21 31 6.85
21 32 0.95
21 33 1.04
21 34 0.46
21 35 4.94
21 36 2.47
21 37 0.85
21 38 29.68
21 39 0.41
21 44 0.40
21 47 0.15
21 49 1.16
21 51 2.05
21 52 0.23
21 54 0.70
21 59 8.45
22 0 0.46
22 1 0.30
22 2 2.21
22 3 0.12
22 4 0.51
22 5 0.76
22 6 0.60
22 7 0.08
22 8 0.25
22 9 0.84
22 10 0.56
22 11 0.58
22 12 0.73
22 13 0.89
22 14 0.34
22 15 0.36
22 16 0.11
22 17 0.61
22 18 0.72
22 19 0.29
22 20 33.54
22 21 6.22
22 22 0.60
22 23 0.62
22 24 0.30
22 25 1.74
22 26 0.47
22 27 0.23
22 28 2.90
22 29 0.66
22 30 0.62
22 31 0.96
22 32 5.29
22 33 7.66
22 34 0.50
22 35 4.07
22 36 0.84
22 37 0.83
22 38 5.19
22 39 0.35
22 44 0.81
22 47 0.37
22 49 0.14
22 51 0.04
22 52 2.59
22 54 9.33
22 57 1.46
22 59 0.35
23 0 0.45
23 1 0.05
23 2 0.70
23 3 0.81
23 4 0.37
23 5 0.19
23 6 1.02
23 7 0.72
23 8 0.34
23 9 0.24
23 10 0.78
23 11 0.45
23 12 0.80
23 13 0.53
23 14 1.96
23 15 0.72
23 16 0.33
23 17 0.10
23 18 0.30
23 19 0.61
23 20 5.55
23 21 5.63
23 22 0.63
23 23 33.82
23 24 0.37
23 25 0.54
23 26 0.21
23 27 0.32
23 28 1.69
23 29 2.02
23 30 0.22
23 32 9.06
23 33 3.75
23 34 0.52
23 35 2.32
23 36 0.77
23 37 2.85
23 38 3.41
23 39 0.12
23 42 0.22
23 44 9.91
23 47 2.83
23 49 0.65
23 51 0.25
23 52 0.42
23 54 0.20
23 57 0.01
23 59 0.24
24 0 0.52
24 1 0.12
24 2 0.47
24 3 0.38
24 4 8.16
24 5 1.55
24 6 0.24
24 7 0.73
24 8 0.52
24 9 0.65
24 10 0.26
24 11 0.47
24 12 0.60
24 13 0.53
24 14 0.45
24 15 0.24
24 16 0.80
24 17 0.43
24 18 0.21
24 19 0.36
24 20 5.33
24 21 3.28
24 22 0.77
24 23 5.54
24 24 0.24
24 25 0.24
24 26 0.34
24 27 0.82
24 28 0.47
24 29 13.29
24 30 0.24
24 33 0.78
24 34 0.98
24 35 0.93
24 36 3.29
24 37 2.03
24 38 2.96
24 39 1.05
24 44 0.31
24 46 0.12
24 47 0.36
24 49 0.28
24 51 1.99
24 52 35.63
24 54 0.31
24 57 0.34
24 59 0.39
25 0 0.48
25 1 0.36
25 2 0.13
25 3 0.30
25 4 1.37
25 5 0.96
25 6 0.57
25 7 0.26
25 8 0.32
25 9 0.64
25 10 0.28
25 11 0.49
25 12 0.49
25 13 0.64
25 14 0.49
25 15 0.13
25 16 1.54
25 17 0.91
25 18 0.35
25 19 8.04
25 20 2.86
25 21 2.46
25 22 3.25
25 23 5.37
25 24 0.30
25 25 0.30
25 26 0.95
25 27 0.29
25 28 0.25
25 30 0.08
25 33 0.19
25 34 0.70
25 35 0.78
25 36 2.06
25 37 0.44
25 38 0.98
25 39 15.36
25 42 0.88
25 44 0.16
25 47 38.73
25 49 0.29
25 51 0.17
25 52 0.68
25 54 0.55
25 57 2.80
25 59 0.37
26 0 0.24
26 1 0.82
26 2 0.46
26 3 0.29
26 4 2.01
26 5 0.55
26 6 0.73
26 7 1.04
26 8 1.45
26 9 8.01
26 10 0.66
26 11 0.49
26 12 0.36
26 13 0.14
26 14 0.17
26 15 0.12
26 16 0.42
26 17 0.16
26 18 0.55
26 19 1.45
26 20 2.90
26 21 1.34
26 22 2.07
26 23 2.86
26 24 15.66
26 25 1.04
26 26 0.27
26 27 0.39
26 28 0.26
26 30 0.05
26 33 0.14
26 34 0.67
26 35 2.97
26 36 0.47
26 37 0.27
26 38 0.66
26 42 7.19
26 44 0.69
26 46 0.03
26 47 1.45
26 49 0.36
26 51 2.35
26 52 0.60
26 54 0.25
26 57 34.55
26 59 0.39
27 0 0.08
27 1 1.46
27 2 0.80
27 3 0.56
27 4 0.76
27 5 0.22
27 6 0.13
27 7 0.23
27 8 1.13
27 9 1.32
27 10 0.53
27 11 5.16
27 12 2.52
27 13 0.40
27 14 1.70
27 15 0.24
27 16 0.34
27 17 1.00
27 18 0.26
27 19 2.04
27 20 2.02
27 21 1.36
27 22 0.48
27 23 2.92
27 24 0.80
27 25 0.21
27 26 0.68
27 27 0.35
27 28 1.04
27 30 0.06
27 33 0.87
27 34 13.67
27 35 2.77
27 36 0.40
27 37 0.33
27 38 2.35
27 42 29.79
27 44 0.31
27 46 1.09
27 47 0.35
27 49 1.43
27 51 4.18
27 52 1.20
27 54 0.25
27 57 9.97
27 59 0.24
28 0 0.20
28 1 0.44
28 2 0.22
28 3 0.14
28 4 4.09
28 5 0.45
28 6 0.83
28 7 0.11
28 8 0.42
28 9 2.08
28 10 2.87
28 11 3.07
28 12 4.23
28 13 0.85
28 14 1.00
28 15 1.91
28 16 0.20
28 17 0.14
28 18 0.12
28 19 0.37
28 20 2.14
28 21 2.74
28 22 0.41
28 23 2.15
28 25 0.37
28 26 1.05
28 27 10.91
28 28 0.20
28 33 0.07
28 34 0.67
28 35 0.66
28 36 0.34
28 37 0.96
28 38 2.74
28 42 9.80
28 44 0.38
28 46 0.03
28 47 1.45
28 49 4.85
28 51 32.22
28 52 0.34
28 54 1.04
28 57 0.53
28 59 0.21
29 0 0.46
29 1 0.24
29 2 0.88
29 3 0.19
29 4 2.47
29 5 0.53
29 6 0.35
29 7 1.60
29 8 0.36
29 9 0.52
29 10 5.04
29 11 2.15
29 12 2.38
29 13 0.91
29 14 1.01
29 15 0.46
29 16 0.46
29 17 0.12
29 18 1.48
29 19 3.99
29 20 2.53
29 21 2.43
29 22 0.36
29 23 2.08
29 25 0.37
29 26 9.92
29 27 1.46
29 28 0.38
29 33 0.11
29 34 0.08
29 35 0.28
29 36 1.34
29 37 0.31
29 38 1.16
29 42 0.99
29 44 0.19
29 46 39.61
29 47 0.41
29 49 0.74
29 51 1.00
29 52 0.87
29 54 3.43
29 57 1.57
29 59 2.78
30 0 1.45
30 1 0.31
30 2 0.11
30 3 0.22
30 4 2.99
30 5 0.17
30 6 0.27
30 7 3.74
30 8 0.28
30 9 3.87
30 10 1.36
30 11 1.61
30 12 1.42
30 13 4.11
30 14 0.64
30 15 0.38
30 16 0.58
30 17 1.18
30 18 0.75
30 19 2.81
30 20 3.17
30 21 0.64
30 22 1.02
30 23 2.38
30 25 9.99
30 26 0.92
30 27 0.19
30 28 0.54
30 33 0.03
30 34 0.70
30 35 0.50
30 36 0.36
30 37 0.48
30 38 0.47
30 41 0.05
30 42 1.51
30 44 0.48
30 46 1.20
30 47 1.05
30 49 0.70
30 50 0.30
30 51 0.49
30 52 0.69
30 54 1.83
30 56 37.53
30 57 0.53
30 59 4.00
31 0 0.53
31 1 0.57
31 2 0.57
31 3 1.57
31 4 1.15
31 5 0.58
31 6 0.56
31 7 4.19
31 8 0.50
31 9 2.83
31 10 1.82
31 11 2.40
31 12 1.84
31 13 2.61
31 14 1.83
31 15 0.14
31 16 0.49
31 17 1.43
31 18 0.46
31 19 2.99
31 20 1.62
31 21 0.32
31 22 0.25
31 23 3.16
31 25 1.14
31 26 0.16
31 27 0.90
31 28 2.92
31 33 0.02
31 34 0.35
31 35 1.03
31 36 0.53
31 37 7.00
31 38 0.59
31 41 35.27
31 42 0.61
31 44 5.29
31 46 0.45
31 47 0.72
31 49 0.46
31 50 1.13
31 51 1.51
31 52 1.83
31 54 0.67
31 56 1.62
31 57 0.63
31 59 0.76
32 0 0.30
32 1 0.61
32 2 1.98
32 3 0.56
32 4 8.80
32 5 0.18
32 6 0.19
32 7 1.66
32 8 0.36
32 9 2.74
32 10 2.92
32 11 2.62
32 12 3.52
32 13 1.44
32 14 1.67
32 15 0.46
32 16 0.37
32 17 5.25
32 18 0.16
32 19 1.05
32 20 0.34
32 21 1.20
32 22 0.34
32 23 1.75
32 25 0.30
32 26 0.87
32 27 7.13
32 28 4.20
32 33 0.01
32 35 0.29
32 36 3.64
32 37 3.05
32 38 0.52
32 41 2.29
32 42 0.60
32 44 0.75
32 45 0.10
32 46 2.05
32 47 2.39
32 49 0.18
32 50 26.88
32 51 0.42
32 52 1.35
32 54 0.74
32 56 0.64
32 57 0.64
32 59 0.49
33 0 0.09
33 1 0.16
33 2 1.46
33 3 0.43
33 4 3.16
33 5 0.44
33 6 3.30
33 7 2.66
33 8 0.37
33 9 1.27
33 10 5.04
33 11 2.45
33 12 1.18
33 13 1.38
33 14 2.89
33 15 0.40
33 16 0.16
33 17 3.28
33 18 0.37
33 19 8.60
33 20 0.50
33 21 0.84
33 22 3.47
33 23 0.32
33 25 1.08
33 26 8.31
33 28 0.57
33 35 0.45
33 36 5.73
33 37 0.95
33 38 0.76
33 41 0.80
33 42 0.58
33 44 0.61
33 45 24.67
33 46 0.50
33 47 1.82
33 49 0.57
33 50 1.23
33 51 1.03
33 52 0.41
33 54 0.51
33 56 1.89
33 57 3.07
33 59 0.24
34 0 0.45
34 1 0.58
34 2 5.78
34 3 0.09
34 4 2.77
34 5 0.79
34 6 2.89
34 7 1.59
34 8 0.24
34 9 8.67
34 10 1.75
34 11 2.84
34 12 1.26
34 13 3.71
34 14 0.51
34 15 0.31
34 16 0.76
34 17 2.37
34 18 0.44
34 19 3.42
34 20 1.32
34 21 2.42
34 22 6.50
34 23 0.38
34 25 9.26
34 28 1.89
34 33 0.01
34 35 0.56
34 36 0.72
34 37 0.22
34 38 0.21
34 40 1.66
34 41 1.79
34 42 2.35
34 44 0.53
34 45 1.22
34 46 0.56
34 47 0.48
34 49 0.08
34 50 0.57
34 51 1.55
34 52 0.25
34 53 0.73
34 54 0.23
34 55 19.61
34 56 0.46
34 57 2.54
34 59 0.68
35 0 0.61
35 1 0.63
35 2 2.09
35 3 0.32
35 4 0.80
35 5 0.22
35 6 5.65
35 7 1.97
35 8 0.42
35 9 3.25
35 10 2.52
35 11 5.39
35 12 3.60
35 13 4.18
35 14 3.73
35 15 0.71
35 16 1.82
35 17 0.95
35 18 0.18
35 19 3.03
35 20 0.37
35 21 2.69
35 22 0.74
35 23 1.18
35 28 9.84
35 35 6.64
35 36 0.27
35 37 0.96
35 38 0.58
35 40 18.09
35 41 0.63
35 42 3.19
35 44 0.31
35 45 0.61
35 46 1.07
35 47 0.25
35 49 0.36
35 50 1.71
35 51 2.17
35 52 0.38
35 53 1.33
35 54 0.66
35 55 2.85
35 56 0.57
35 57 0.43
35 59 0.05
36 0 0.33
36 1 1.30
36 2 2.30
36 3 0.54
36 4 5.26
36 5 2.30
36 6 0.74
36 7 2.19
36 8 0.38
36 9 2.99
36 10 6.23
36 11 4.19
36 12 5.33
36 13 2.03
36 14 2.03
36 15 0.07
36 16 5.09
36 17 2.38
36 18 0.32
36 19 0.83
36 20 2.08
36 21 4.24
36 22 0.22
36 23 0.35
36 28 0.47
36 33 0.28
36 35 3.30
36 36 0.89
36 37 10.32
36 38 0.61
36 40 1.71
36 41 0.78
36 42 0.95
36 44 0.76
36 45 1.56
36 46 3.70
36 47 0.41
36 49 0.09
36 50 0.24
36 51 1.38
36 52 0.98
36 53 15.16
36 54 0.07
36 55 0.57
36 56 1.19
36 57 0.26
36 58 0.08
36 59 0.52
37 0 0.31
37 1 3.40
37 2 0.91
37 3 0.04
37 4 1.72
37 5 4.47
37 6 2.09
37 7 3.02
37 8 0.94
37 9 1.04
37 10 5.43
37 11 3.23
37 12 3.43
37 13 3.71
37 14 2.73
37 15 0.10
37 16 2.46
37 17 2.56
37 18 0.22
37 19 5.25
37 20 4.79
37 21 0.82
37 22 0.92
37 23 0.35
37 28 2.05
37 35 0.24
37 36 11.50
37 38 2.65
37 40 0.68
37 41 1.05
37 42 0.34
37 43 0.02
37 44 0.09
37 45 0.54
37 46 2.09
37 47 0.94
37 48 14.15
37 49 0.31
37 50 0.83
37 51 0.37
37 52 0.22
37 53 0.90
37 54 0.51
37 55 1.79
37 56 4.24
37 57 0.42
37 58 0.04
37 59 0.09
38 0 0.11
38 1 2.71
38 2 2.67
38 3 0.70
38 4 1.73
38 5 5.08
38 6 2.15
38 7 3.04
38 8 2.54
38 9 5.25
38 10 1.87
38 11 2.79
38 12 2.83
38 13 6.77
38 14 0.84
38 15 1.36
38 16 1.66
38 17 2.63
38 18 0.26
38 19 1.90
38 20 2.76
38 21 0.37
38 22 11.54
38 23 0.69
38 35 0.75
38 38 7.00
38 40 1.33
38 41 4.56
38 42 0.33
38 44 0.62
38 45 0.54
38 46 0.48
38 47 0.32
38 48 0.94
38 49 0.15
38 50 1.01
38 51 0.26
38 52 0.29
38 53 0.65
38 54 0.08
38 55 0.42
38 56 2.35
38 57 1.09
38 58 12.37
38 59 0.21
39 0 0.66
39 1 2.90
39 2 2.46
39 3 0.30
39 4 0.71
39 5 0.94
39 6 3.39
39 7 6.73
39 8 4.37
39 9 1.84
39 10 1.79
39 11 3.82
39 12 3.95
39 13 3.82
39 14 2.81
39 15 3.27
39 16 1.91
39 17 1.54
39 18 0.75
39 19 1.98
39 20 0.78
39 21 0.78
39 23 8.57
39 35 12.58
39 38 0.23
39 40 0.58
39 41 2.44
39 42 1.09
39 43 11.76
39 44 0.09
39 45 1.55
39 46 0.24
39 47 0.33
39 48 0.39
39 49 0.44
39 50 3.77
39 51 0.34
39 52 0.66
39 53 1.12
39 54 0.21
39 55 0.58
39 56 0.59
39 57 0.14
39 58 0.62
39 59 0.18
40 0 2.24
40 1 1.77
40 2 2.33
40 3 0.06
40 4 11.71
40 5 1.31
40 6 1.12
40 7 2.75
40 8 3.07
40 9 2.09
40 10 3.62
40 11 3.24
40 12 4.37
40 13 2.30
40 14 2.77
40 15 5.18
40 16 2.89
40 17 7.06
40 18 0.20
40 19 0.67
40 20 0.28
40 21 12.15
40 23 0.82
40 38 1.15
40 40 0.68
40 41 0.52
40 42 0.35
40 43 0.66
40 44 0.37
40 45 4.15
40 46 0.45
40 47 0.57
40 48 1.28
40 49 7.27
40 50 2.43
40 51 0.93
40 52 0.84
40 53 0.94
40 54 0.19
40 55 0.66
40 56 0.49
40 57 0.36
40 58 0.28
40 59 1.43
41 0 4.00
41 1 2.53
41 2 1.74
41 3 0.43
41 4 0.07
41 5 3.10
41 6 5.30
41 7 3.01
41 8 3.02
41 9 0.99
41 10 4.05
41 11 2.32
41 12 2.50
41 13 2.03
41 14 3.85
41 15 1.73
41 16 1.36
41 17 3.98
41 18 3.00
41 19 12.05
41 20 0.74
41 21 0.59
41 23 0.37
41 38 12.44
41 40 0.62
41 41 0.43
41 42 0.26
41 43 0.27
41 44 0.20
41 45 2.42
41 46 0.92
41 47 0.79
41 48 0.35
41 49 1.00
41 50 0.49
41 51 0.32
41 52 0.60
41 53 2.08
41 54 0.38
41 55 3.78
41 56 0.47
41 57 0.78
41 58 1.12
41 59 7.52
42 0 3.18
42 1 1.93
42 2 7.64
42 3 0.49
42 5 3.23
42 6 3.29
42 7 2.46
42 8 1.71
42 9 12.40
42 10 1.27
42 11 2.33
42 12 2.01
42 13 4.11
42 14 0.87
42 15 2.05
42 16 1.75
42 17 2.73
42 18 7.27
42 19 0.31
42 20 13.61
42 23 0.82
42 40 2.98
42 41 0.74
42 42 0.73
42 43 1.08
42 44 0.26
42 45 0.68
42 46 0.25
42 47 0.54
42 48 0.55
42 50 0.32
42 51 0.30
42 52 0.42
42 53 1.73
42 54 8.59
42 55 3.67
42 56 0.61
42 57 0.86
42 58 0.23
43 0 1.99
43 1 1.62
43 2 2.69
43 3 8.81
43 5 0.98
43 6 6.06
43 7 3.82
43 8 3.16
43 10 3.40
43 11 7.94
43 12 3.87
43 13 3.03
43 14 6.64
43 15 1.71
43 16 2.33
43 17 1.52
43 18 1.97
43 19 0.08
43 23 13.99
43 40 3.99
43 41 0.64
43 42 0.93
43 43 0.23
43 44 9.06
43 45 0.48
43 46 0.31
43 47 0.46
43 48 1.42
43 50 0.53
43 51 0.67
43 52 0.29
43 53 2.60
43 55 1.24
43 56 0.42
43 57 0.60
43 58 0.52
44 0 2.10
44 1 2.56
44 2 3.31
44 3 1.51
44 5 4.57
44 6 1.06
44 7 2.34
44 8 1.93
44 10 5.28
44 11 4.61
44 12 7.04
44 13 1.71
44 14 3.00
44 15 2.52
44 16 5.23
44 17 3.93
44 18 0.76
44 40 1.81
44 41 0.31
44 42 0.58
44 43 0.42
44 45 0.64
44 46 0.64
44 47 0.50
44 48 4.14
44 50 0.80
44 51 0.71
44 52 32.17
44 53 1.69
44 55 0.43
44 56 0.39
44 57 0.35
44 58 0.96
45 0 2.21
45 1 3.37
45 2 1.31
45 3 1.92
45 5 5.51
45 6 2.82
45 7 4.26
45 8 3.78
45 10 4.12
45 11 0.99
45 12 4.41
45 13 4.65
45 14 3.80
45 15 1.88
45 16 2.78
45 17 3.11
45 18 1.45
45 40 0.48
45 41 0.38
45 42 1.41
45 43 0.79
45 45 0.79
45 46 0.82
45 47 32.66
45 48 2.81
45 50 0.38
45 51 0.58
45 53 0.66
45 55 0.90
45 56 0.65
45 57 0.34
45 58 3.98
46 0 1.78
46 1 3.01
46 2 4.31
46 3 0.69
46 5 4.51
46 6 2.92
46 7 4.86
46 8 3.79
46 10 0.19
46 11 0.32
46 12 4.52
46 13 6.00
46 14 1.18
46 15 2.40
46 16 3.17
46 17 3.90
46 18 4.11
46 40 0.66
46 41 0.77
46 42 8.97
46 43 3.83
46 45 0.34
46 46 0.56
46 47 1.02
46 48 0.61
46 50 0.44
46 51 0.28
46 53 0.44
46 55 0.75
46 56 0.85
46 57 25.95
46 58 2.87
47 0 2.17
47 1 4.54
47 2 3.00
47 3 4.00
47 5 1.22
47 6 5.02
47 7 13.97
47 8 4.82
47 10 0.76
47 11 0.14
47 13 1.53
47 14 3.49
47 15 2.76
47 16 2.87
47 17 2.79
47 18 1.96
47 40 0.99
47 41 0.76
47 42 26.35
47 43 2.71
47 45 0.41
47 46 0.55
47 48 0.58
47 50 0.90
47 51 0.32
47 53 0.37
47 55 0.15
47 56 0.56
47 57 9.66
47 58 0.65
48 0 2.47
48 1 2.85
48 2 4.25
48 3 1.60
48 5 2.53
48 6 1.33
48 8 3.00
48 10 0.71
48 11 0.84
48 13 1.02
48 14 3.13
48 15 6.59
48 16 4.66
48 17 17.37
48 18 0.89
48 40 0.23
48 41 0.62
48 43 0.77
48 45 0.76
48 46 0.38
48 48 0.71
48 50 0.90
48 51 40.30
48 53 0.65
48 55 0.52
48 56 0.50
48 58 0.42
49 0 3.85
49 1 3.60
49 2 2.57
49 3 1.85
49 5 4.15
49 6 15.45
49 8 3.52
49 10 0.64
49 13 0.71
49 14 4.76
49 15 2.47
49 16 1.79
49 17 2.02
49 18 4.77
49 40 0.39
49 41 0.50
49 43 0.50
49 45 0.89
49 46 41.90
49 48 0.49
49 50 0.53
49 53 0.45
49 55 1.08
49 56 0.24
49 58 0.88
50 0 4.74
50 1 2.65
50 2 19.24
50 3 1.04
50 5 4.07
50 6 1.90
50 8 3.28
50 10 0.37
50 13 0.61
50 14 1.10
50 15 2.65
50 16 2.39
50 18 6.50
50 40 0.87
50 41 0.42
50 43 0.84
50 45 0.63
50 48 0.25
50 50 0.63
50 53 0.47
50 55 1.07
50 56 43.66
50 58 0.62
51 0 2.72
51 1 2.88
51 2 0.22
51 3 8.88
51 5 4.03
51 6 5.55
51 8 5.62
51 10 0.05
51 13 0.82
51 14 10.79
51 15 2.50
51 16 3.87
51 18 2.70
51 40 1.16
51 41 44.25
51 43 0.58
51 45 0.70
51 48 0.59
51 50 0.31
51 53 0.74
51 55 0.53
51 56 0.08
51 58 0.43
52 0 2.95
52 1 3.52
52 3 2.37
52 5 12.48
52 8 4.36
52 10 1.08
52 13 0.39
52 14 1.23
52 15 4.05
52 16 8.71
52 18 1.09
52 40 0.71
52 43 0.31
52 45 0.85
52 48 0.90
52 50 53.10
52 53 0.60
52 55 0.72
52 58 0.58
53 0 2.76
53 1 5.49
53 3 2.33
53 5 4.93
53 8 8.35
53 13 0.97
53 14 4.44
53 15 2.00
53 16 5.37
53 18 3.01
53 40 0.66
53 43 0.61
53 45 55.47
53 48 0.93
53 50 0.57
53 53 0.62
53 55 0.31
53 58 1.18
54 0 3.09
54 1 4.99
54 3 1.02
54 5 4.33
54 8 4.13
54 13 0.32
54 15 3.79
54 16 11.69
54 18 4.88
54 40 6.85
54 43 1.15
54 48 0.41
54 53 0.63
54 55 52.03
54 58 0.69
55 0 3.05
55 1 16.74
55 3 5.86
55 8 4.92
55 13 0.35
55 15 4.49
55 18 2.78
55 40 52.45
55 43 1.15
55 48 0.75
55 53 0.61
55 55 6.34
55 58 0.51
56 0 4.32
56 3 2.21
56 8 2.00
56 13 0.88
56 15 22.76
56 18 1.03
56 40 0.42
56 43 0.40
56 48 0.29
56 53 64.31
56 58 1.38
57 0 6.18
57 3 2.43
57 8 2.93
57 18 20.11
57 43 0.72
57 48 66.79
57 53 0.35
57 58 0.49
58 0 18.67
58 3 3.69
58 8 0.02
58 18 7.41
58 43 0.40
58 48 0.67
58 53 0.04
58 58 69.10
59 0 1.94
59 3 26.42
59 18 0.71
59 43 70.80
59 53 0.13
